0.264,0.285,0.719,0.200,0.244,0.268,0.462,0.411,0.934,0.854
0.751,0.649,0.088,0.973,0.277,0.421,0.759,0.458,0.680,0.954
0.191,0.483,0.653,0.386,0.983,0.983,0.046,0.515,0.830,0.197
0.816,0.319,0.111,0.987,0.730,0.272,0.432,0.058,0.097,0.461
0.373,0.971,0.380,0.168,0.218,0.320,0.836,0.015,0.020,0.165
0.044,0.035,0.765,0.958,0.070,0.936,0.201,0.586,0.405,0.479
0.483,0.426,0.128,0.130,0.688,0.284,0.923,0.219,0.210,0.384
0.013,0.925,0.301,0.054,0.463,0.811,0.183,0.546,0.357,0.574
0.986,0.646,0.372,0.534,0.884,0.857,0.766,0.925,0.761,0.611
0.261,0.780,0.028,0.263,0.353,0.151,0.426,0.336,0.614,0.674
0.836,0.963,0.672,0.654,0.070,0.140,0.832,0.733,0.701,0.279
0.456,0.453,0.127,0.953,0.983,0.147,0.051,0.003,0.042,0.796
0.088,0.075,0.487,0.811,0.344,0.021,0.217,0.478,0.408,0.252
0.126,0.178,0.459,0.159,0.781,0.407,0.986,0.731,0.108,0.020
0.777,0.930,0.764,0.635,0.175,0.721,0.656,0.603,0.205,0.188
0.920,0.554,0.804,0.119,0.881,0.972,0.656,0.839,0.457,0.370
0.645,0.042,0.080,0.876,0.021,0.277,0.257,0.388,0.012,0.712
0.504,0.561,0.191,0.117,0.050,0.799,0.345,0.225,0.795,0.429
0.827,0.180,0.987,0.944,0.905,0.096,0.041,0.735,0.030,0.287
0.073,0.099,0.531,0.557,0.370,0.645,0.537,0.563,0.696,0.096
0.380,0.549,0.407,0.259,0.511,0.393,0.538,0.240,0.801,0.476
0.558,0.422,0.018,0.414,0.383,0.225,0.142,0.635,0.448,0.765
0.728,0.707,0.891,0.689,0.566,0.989,0.374,0.132,0.608,0.434
0.133,0.346,0.097,0.762,0.206,0.292,0.287,0.975,0.035,0.517
0.339,0.230,0.833,0.829,0.536,0.119,0.783,0.342,0.439,0.554
0.434,0.183,0.985,0.829,0.615,0.900,0.659,0.273,0.750,0.684
0.515,0.984,0.522,0.409,0.939,0.153,0.846,0.408,0.498,0.033
0.713,0.632,0.296,0.196,0.050,0.597,0.580,0.748,0.616,0.308
0.386,0.378,0.108,0.778,0.861,0.011,0.721,0.856,0.171,0.741
0.857,0.256,0.472,0.521,0.446,0.068,0.688,0.568,0.041,0.704
0.307,0.066,0.151,0.656,0.683,0.863,0.725,0.973,0.492,0.200
0.378,0.717,0.977,0.226,0.150,0.206,0.291,0.690,0.865,0.696
0.009,0.286,0.176,0.942,0.647,0.992,0.788,0.976,0.911,0.768
0.436,0.081,0.289,0.275,0.140,0.333,0.837,0.223,0.047,0.646
0.326,0.324,0.311,0.477,0.626,0.283,0.134,0.735,0.706,0.894
0.603,0.687,0.144,0.621,0.079,0.838,0.653,0.815,0.602,0.842
0.029,0.650,0.237,0.388,0.714,0.429,0.366,0.243,0.681,0.921
0.995,0.357,0.263,0.467,0.637,0.953,0.315,0.388,0.221,0.922
0.686,0.822,0.229,0.231,0.762,0.863,0.273,0.969,0.141,0.694
0.400,0.683,0.304,0.005,0.338,0.369,0.733,0.196,0.541,0.359
0.407,0.782,0.801,0.882,0.709,0.827,0.569,0.520,0.710,0.376
0.559,0.736,0.820,0.466,0.417,0.431,0.194,0.589,0.953,0.562
0.139,0.452,0.897,0.911,0.844,0.912,0.671,0.557,0.179,0.974
0.766,0.750,0.023,0.388,0.671,0.736,0.762,0.877,0.521,0.414
0.716,0.510,0.951,0.204,0.589,0.883,0.131,0.663,0.843,0.808
0.402,0.397,0.013,0.653,0.557,0.137,0.359,0.928,0.327,0.411
0.312,0.902,0.013,0.316,0.899,0.385,0.675,0.692,0.109,0.985
0.082,0.216,0.284,0.510,0.436,0.543,0.389,0.409,0.668,0.595
0.694,0.860,0.923,0.273,0.939,0.165,0.470,0.920,0.118,0.822
0.093,0.254,0.570,0.984,0.938,0.218,0.972,0.022,0.675,0.551
0.133,0.635,0.868,0.776,0.289,0.220,0.152,0.320,0.395,0.069
0.600,0.239,0.765,0.995,0.134,0.347,0.181,0.958,0.507,0.230
0.854,0.998,0.057,0.053,0.021,0.591,0.224,0.651,0.246,0.924
0.783,0.332,0.476,0.685,0.260,0.528,0.210,0.017,0.486,0.380
0.620,0.982,0.820,0.852,0.163,0.178,0.028,0.360,0.186,0.653
0.889,0.941,0.055,0.622,0.791,0.319,0.762,0.438,0.721,0.093
0.595,0.842,0.661,0.103,0.828,0.893,0.911,0.939,0.064,0.588
0.053,0.903,0.693,0.254,0.419,0.928,0.265,0.623,0.519,0.409
0.918,0.549,0.360,0.320,0.139,0.684,0.328,0.135,0.077,0.954
0.742,0.885,0.156,0.832,0.184,0.040,0.959,0.861,0.410,0.780
0.052,0.490,0.589,0.639,0.422,0.989,0.497,0.790,0.749,0.417
0.306,0.767,0.586,0.005,0.108,0.019,0.783,0.422,0.967,0.444
0.097,0.155,0.188,0.566,0.517,0.706,0.852,0.942,0.085,0.404
0.221,0.924,0.246,0.489,0.513,0.781,0.598,0.795,0.093,0.668
0.399,0.047,0.712,0.920,0.615,0.634,0.659,0.755,0.160,0.901
0.805,0.304,0.783,0.994,0.629,0.879,0.938,0.412,0.441,0.490
0.873,0.337,0.282,0.750,0.940,0.647,0.630,0.743,0.183,0.149
0.535,0.145,0.843,0.514,0.485,0.418,0.778,0.591,0.486,0.717
0.795,0.263,0.226,0.688,0.927,0.985,0.312,0.698,0.295,0.716
0.496,0.353,0.833,0.579,0.270,0.641,0.846,0.763,0.522,0.394
0.944,0.322,0.871,0.097,0.788,0.039,0.522,0.892,0.773,0.612
0.366,0.000,0.481,0.325,0.167,0.164,0.798,0.874,0.828,0.001
0.021,0.964,0.857,0.802,0.034,0.512,0.076,0.452,0.518,0.962
0.289,0.838,0.866,0.405,0.656,0.042,0.887,0.755,0.974,0.927
0.442,0.974,0.411,0.898,0.558,0.050,0.203,0.664,0.382,0.073
0.678,0.196,0.541,0.546,0.334,0.226,0.530,0.872,0.685,0.768
0.139,0.418,0.672,0.792,0.702,0.612,0.641,0.921,0.780,0.861
0.067,0.063,0.454,0.769,0.106,0.662,0.889,0.284,0.532,0.951
0.567,0.067,0.966,0.062,0.680,0.096,0.474,0.986,0.937,0.750
0.192,0.694,0.517,0.053,0.120,0.950,0.739,0.686,0.153,0.982
0.057,0.986,0.499,0.500,0.425,0.837,0.898,0.781,0.429,0.288
0.808,0.234,0.519,0.592,0.330,0.434,0.393,0.587,0.568,0.590
0.867,0.231,0.085,0.023,0.483,0.724,0.082,0.339,0.685,0.047
0.512,0.135,0.778,0.820,0.419,0.430,0.148,0.844,0.984,0.916
0.592,0.548,0.210,0.920,0.612,0.560,0.988,0.010,0.195,0.999
0.978,0.060,0.153,0.031,0.727,0.200,0.528,0.655,0.465,0.733
0.842,0.798,0.666,0.031,0.211,0.552,0.432,0.654,0.936,0.487
0.341,0.312,0.633,0.941,0.322,0.368,0.822,0.968,0.009,0.942
0.080,0.424,0.009,0.692,0.928,0.747,0.465,0.919,0.777,0.496
0.170,0.071,0.715,0.693,0.715,0.775,0.570,0.004,0.357,0.105
0.587,0.352,0.984,0.003,0.049,0.111,0.796,0.903,0.948,0.681
0.741,0.895,0.360,0.678,0.355,0.272,0.843,0.849,0.379,0.245
0.293,0.305,0.465,0.619,0.270,0.499,0.424,0.968,0.524,0.310
0.713,0.973,0.471,0.598,0.661,0.053,0.146,0.827,0.591,0.146
0.794,0.284,0.859,0.478,0.421,0.267,0.690,0.817,0.438,0.463
0.268,0.973,0.358,0.856,0.448,0.018,0.077,0.952,0.755,0.203
0.707,0.098,0.952,0.425,0.558,0.071,0.922,0.952,0.235,0.464
0.678,0.928,0.237,0.827,0.614,0.307,0.517,0.568,0.382,0.019
0.792,0.242,0.112,0.371,0.895,0.957,0.311,0.393,0.836,0.140
0.128,0.275,0.411,0.368,0.461,0.857,0.388,0.896,0.299,0.336
0.839,0.368,0.057,0.024,0.218,0.914,0.514,0.292,0.801,0.648
0.499,0.767,0.436,0.329,0.483,0.551,0.116,0.364,0.610,0.704
0.384,0.138,0.618,0.883,0.737,0.155,0.630,0.085,0.320,0.200
0.936,0.083,0.939,0.023,0.236,0.925,0.305,0.414,0.381,0.349
0.959,0.044,0.229,0.390,0.968,0.351,0.401,0.210,0.254,0.460
0.954,0.279,0.490,0.728,0.670,0.395,0.645,0.733,0.823,0.481
0.489,0.300,0.423,0.605,0.880,0.618,0.584,0.994,0.728,0.715
0.481,0.725,0.193,0.108,0.719,0.345,0.943,0.928,0.846,0.500
0.342,0.689,0.927,0.437,0.788,0.535,0.789,0.357,0.855,0.630
0.595,0.050,0.040,0.232,0.281,0.255,0.978,0.050,0.512,0.409
0.853,0.679,0.357,0.246,0.524,0.625,0.936,0.545,0.569,0.228
0.497,0.300,0.687,0.330,0.034,0.634,0.481,0.001,0.733,0.655
0.690,0.623,0.533,0.861,0.104,0.931,0.655,0.200,0.959,0.695
0.496,0.723,0.336,0.105,0.307,0.053,0.024,0.353,0.002,0.416
0.047,0.060,0.758,0.212,0.481,0.292,0.756,0.405,0.953,0.814
0.484,0.008,0.688,0.473,0.546,0.829,0.688,0.332,0.714,0.432
0.702,0.513,0.925,0.937,0.006,0.550,0.851,0.329,0.626,0.277
0.336,0.617,0.762,0.105,0.936,0.226,0.467,0.861,0.401,0.714
0.178,0.641,0.962,0.798,0.912,0.761,0.217,0.459,0.661,0.079
0.599,0.471,0.759,0.196,0.849,0.023,0.225,0.894,0.794,0.089
0.170,0.298,0.341,0.180,0.171,0.645,0.064,0.463,0.737,0.380
0.537,0.627,0.486,0.360,0.977,0.806,0.566,0.782,0.309,0.592
0.722,0.258,0.886,0.453,0.758,0.201,0.514,0.572,0.296,0.941
0.460,0.418,0.349,0.917,0.431,0.131,0.237,0.969,0.377,0.596
0.503,0.176,0.137,0.952,0.305,0.968,0.670,0.397,0.538,0.259
0.050,0.290,0.732,0.800,0.204,0.015,0.185,0.483,0.595,0.698
0.153,0.740,0.110,0.003,0.432,0.138,0.343,0.461,0.759,0.379
0.377,0.065,0.163,0.135,0.016,0.823,0.545,0.444,0.283,0.115
0.319,0.450,0.376,0.315,0.990,0.819,0.631,0.579,0.409,0.090
0.050,0.265,0.839,0.468,0.322,0.763,0.933,0.102,0.619,0.646
0.486,0.614,0.757,0.428,0.173,0.009,0.692,0.396,0.333,0.097
0.705,0.168,0.069,0.628,0.409,0.408,0.401,0.413,0.253,0.293
0.624,0.890,0.661,0.151,0.853,0.735,0.691,0.814,0.261,0.601
0.286,0.493,0.842,0.083,0.300,0.385,0.214,0.758,0.105,0.490
0.880,0.460,0.062,0.616,0.483,0.478,0.215,0.407,0.094,0.718
0.422,0.726,0.533,0.839,0.965,0.951,0.340,0.960,0.787,0.682
0.305,0.444,0.446,0.643,0.976,0.349,0.445,0.558,0.465,0.300
0.610,0.308,0.865,0.480,0.443,0.927,0.797,0.972,0.354,0.291
0.955,0.530,0.896,0.924,0.429,0.926,0.090,0.189,0.650,0.793
0.696,0.055,0.852,0.003,0.603,0.896,0.692,0.529,0.212,0.344
0.162,0.385,0.522,0.922,0.716,0.645,0.494,0.325,0.514,0.284
0.172,0.264,0.936,0.568,0.197,0.060,0.452,0.751,0.946,0.426
0.148,0.226,0.542,0.106,0.935,0.612,0.761,0.083,0.127,0.850
0.475,0.986,0.106,0.567,0.741,0.576,0.649,0.637,0.651,0.272
0.474,0.656,0.808,0.436,0.066,0.687,0.519,0.919,0.649,0.177
0.852,0.187,0.518,0.967,0.231,0.683,0.772,0.212,0.161,0.012
0.747,0.091,0.943,0.541,0.967,0.040,0.133,0.763,0.614,0.426
0.699,0.027,0.470,0.052,0.135,0.178,0.635,0.452,0.066,0.458
0.597,0.663,0.239,0.150,0.048,0.890,0.718,0.607,0.769,0.247
0.502,0.263,0.908,0.334,0.247,0.516,0.459,0.756,0.505,0.032
0.645,0.099,0.056,0.338,0.717,0.772,0.908,0.151,0.140,0.466
0.049,0.789,0.195,0.218,0.674,0.155,0.069,0.335,0.913,0.292
0.601,0.146,0.186,0.756,0.320,0.195,0.952,0.560,0.381,0.486
0.432,0.389,0.409,0.536,0.387,0.162,0.518,0.453,0.429,0.957
0.662,0.064,0.675,0.705,0.487,0.588,0.435,0.001,0.664,0.312
0.725,0.649,0.053,0.879,0.004,0.140,0.350,0.277,0.473,0.625
0.849,0.231,0.896,0.846,0.945,0.915,0.676,0.706,0.926,0.456
0.800,0.257,0.837,0.331,0.931,0.105,0.667,0.748,0.322,0.169
0.692,0.913,0.397,0.254,0.614,0.077,0.322,0.789,0.114,0.740
0.111,0.243,0.317,0.802,0.338,0.376,0.522,0.376,0.331,0.945
0.245,0.021,0.658,0.529,0.234,0.298,0.220,0.369,0.279,0.577
0.527,0.358,0.711,0.785,0.949,0.516,0.862,0.671,0.154,0.955
0.974,0.803,0.566,0.393,0.732,0.059,0.914,0.353,0.359,0.811
0.041,0.523,0.274,0.094,0.386,0.891,0.589,0.109,0.606,0.320
0.044,0.651,0.760,0.425,0.399,0.065,0.165,0.570,0.307,0.693
0.689,0.137,0.020,0.138,0.149,0.030,0.773,0.300,0.804,0.724
0.988,0.201,0.836,0.061,0.592,0.378,0.713,0.952,0.762,0.716
0.338,0.030,0.236,0.099,0.381,0.355,0.615,0.012,0.142,0.237
0.424,0.057,0.959,0.243,0.790,0.752,0.829,0.167,0.498,0.649
0.464,0.377,0.226,0.212,0.150,0.486,0.980,0.895,0.640,0.835
0.353,0.004,0.701,0.156,0.239,0.626,0.186,0.034,0.057,0.124
0.045,0.768,0.304,0.595,0.584,0.295,0.058,0.532,0.941,0.220
0.705,0.611,0.240,0.103,0.289,0.659,0.805,0.921,0.870,0.369
0.182,0.816,0.345,0.311,0.929,0.405,0.904,0.681,0.782,0.685
0.499,0.150,0.406,0.943,0.951,0.154,0.561,0.954,0.549,0.544
0.676,0.321,0.391,0.361,0.521,0.831,0.824,0.949,0.135,0.043
0.606,0.782,0.286,0.234,0.593,0.593,0.442,0.418,0.747,0.785
0.602,0.148,0.668,0.535,0.897,0.504,0.060,0.660,0.039,0.049
0.231,0.890,0.985,0.807,0.211,0.068,0.726,0.797,0.755,0.999
0.206,0.604,0.157,0.473,0.177,0.613,0.076,0.380,0.772,0.945
0.379,0.058,0.398,0.214,0.741,0.760,0.692,0.686,0.697,0.237
0.349,0.395,0.683,0.128,0.562,0.699,0.496,0.759,0.518,0.069
0.387,0.290,0.009,0.998,0.807,0.081,0.921,0.361,0.078,0.531
0.733,0.985,0.018,0.123,0.509,0.427,0.469,0.745,0.002,0.732
0.097,0.670,0.845,0.492,0.147,0.095,0.536,0.525,0.107,0.640
0.378,0.765,0.030,0.863,0.926,0.095,0.402,0.867,0.617,0.304
0.816,0.139,0.751,0.069,0.410,0.806,0.946,0.154,0.819,0.064
0.529,0.503,0.444,0.999,0.742,0.708,0.773,0.191,0.197,0.264
0.152,0.648,0.824,0.420,0.772,0.981,0.493,0.286,0.599,0.471
0.487,0.572,0.358,0.427,0.953,0.164,0.198,0.250,0.896,0.345
0.075,0.780,0.204,0.662,0.109,0.963,0.557,0.530,0.572,0.614
0.256,0.657,0.076,0.794,0.592,0.826,0.103,0.939,0.317,0.522
0.460,0.024,0.570,0.693,0.866,0.853,0.382,0.263,0.389,0.856
0.826,0.459,0.451,0.339,0.964,0.813,0.158,0.487,0.192,0.808
0.931,0.641,0.993,0.438,0.073,0.820,0.984,0.969,0.305,0.810
0.368,0.715,0.019,0.795,0.364,0.796,0.281,0.845,0.252,0.839
0.761,0.973,0.659,0.712,0.895,0.152,0.368,0.009,0.564,0.583
0.839,0.547,0.534,0.618,0.988,0.720,0.079,0.195,0.652,0.817
0.280,0.283,0.046,0.105,0.799,0.528,0.574,0.253,0.273,0.599
0.939,0.399,0.756,0.783,0.551,0.195,0.912,0.743,0.137,0.549
0.264,0.647,0.801,0.296,0.314,0.666,0.462,0.443,0.720,0.336
0.054,0.044,0.659,0.864,0.312,0.432,0.676,0.372,0.794,0.805
0.276,0.209,0.690,0.450,0.133,0.178,0.556,0.024,0.595,0.817
0.493,0.878,0.478,0.613,0.176,0.247,0.772,0.200,0.215,0.615
0.140,0.681,0.350,0.287,0.611,0.329,0.756,0.272,0.765,0.177
0.143,0.308,0.892,0.618,0.235,0.218,0.440,0.300,0.479,0.767
0.105,0.922,0.995,0.450,0.686,0.670,0.785,0.389,0.130,0.126
0.410,0.383,0.523,0.727,0.216,0.865,0.253,0.703,0.903,0.923
0.358,0.060,0.072,0.277,0.756,0.716,0.150,0.160,0.256,0.891
0.680,0.265,0.503,0.004,0.790,0.179,0.789,0.886,0.536,0.604
0.358,0.026,0.789,0.883,0.278,0.469,0.026,0.832,0.228,0.548
0.034,0.943,0.535,0.918,0.744,0.945,0.041,0.533,0.893,0.332
0.745,0.854,0.700,0.949,0.737,0.607,0.600,0.964,0.879,0.871
0.616,0.039,0.409,0.972,0.538,0.833,0.635,0.836,0.014,0.638
0.485,0.664,0.824,0.248,0.758,0.499,0.096,0.195,0.805,0.820
0.011,0.498,0.609,0.403,0.265,0.230,0.428,0.229,0.806,0.941
0.411,0.408,0.962,0.040,0.901,0.598,0.224,0.633,0.434,0.519
0.961,0.465,0.110,0.639,0.499,0.432,0.332,0.269,0.306,0.025
0.170,0.383,0.409,0.135,0.937,0.357,0.419,0.261,0.389,0.694
0.694,0.858,0.983,0.553,0.624,0.120,0.266,0.101,0.597,0.044
0.232,0.808,0.671,0.493,0.516,0.967,0.310,0.194,0.105,0.169
0.750,0.400,0.384,0.910,0.343,0.876,0.182,0.348,0.053,0.370
0.269,0.967,0.068,0.600,0.706,0.446,0.823,0.572,0.488,0.625
0.313,0.170,0.484,0.546,0.644,0.009,0.514,0.404,0.389,0.154
0.520,0.260,0.472,0.653,0.004,0.600,0.159,0.897,0.675,0.668
0.154,0.482,0.708,0.619,0.247,0.989,0.085,0.257,0.062,0.646
0.408,0.074,0.004,0.657,0.630,0.936,0.529,0.963,0.499,0.558
0.105,0.310,0.414,0.439,0.667,0.045,0.935,0.164,0.763,0.869
0.429,0.541,0.862,0.940,0.333,0.874,0.539,0.512,0.146,0.688
0.002,0.876,0.718,0.649,0.127,0.141,0.947,0.353,0.628,0.524
0.115,0.786,0.146,0.589,0.780,0.050,0.628,0.513,0.114,0.582
0.395,0.589,0.204,0.321,0.108,0.415,0.356,0.575,0.918,0.969
0.223,0.474,0.169,0.211,0.813,0.836,0.705,0.040,0.377,0.359
0.640,0.606,0.681,0.177,0.288,0.627,0.516,0.671,0.152,0.345
0.267,0.234,0.498,0.933,0.001,0.128,0.213,0.470,0.764,0.160
0.594,0.956,0.119,0.054,0.554,0.936,0.124,0.850,0.337,0.686
0.391,0.816,0.580,0.969,0.911,0.081,0.878,0.329,0.412,0.807
0.901,0.271,0.743,0.181,0.536,0.737,0.730,0.182,0.516,0.220
0.273,0.307,0.168,0.394,0.327,0.348,0.628,0.436,0.438,0.801
0.527,0.294,0.520,0.573,0.510,0.998,0.002,0.798,0.592,0.427
0.892,0.790,0.447,0.110,0.658,0.608,0.604,0.421,0.525,0.256
0.413,0.047,0.292,0.710,0.119,0.693,0.124,0.463,0.382,0.031
0.160,0.992,0.143,0.975,0.583,0.724,0.274,0.498,0.963,0.504
0.117,0.901,0.457,0.184,0.429,0.223,0.464,0.700,0.620,0.974
0.515,0.610,0.354,0.958,0.628,0.635,0.927,0.636,0.446,0.923
0.933,0.541,0.804,0.002,0.241,0.303,0.182,0.575,0.764,0.330
0.343,0.721,0.352,0.723,0.880,0.338,0.233,0.702,0.507,0.533
0.437,0.917,0.071,0.148,0.019,0.577,0.972,0.813,0.313,0.534
0.290,0.667,0.218,0.743,0.154,0.550,0.427,0.916,0.254,0.257
0.677,0.507,0.477,0.188,0.021,0.239,0.431,0.744,0.482,0.435
0.254,0.758,0.890,0.811,0.026,0.722,0.166,0.722,0.304,0.942
0.148,0.665,0.923,0.885,0.332,0.862,0.466,0.709,0.887,0.786
0.575,0.674,0.748,0.673,0.603,0.644,0.924,0.912,0.254,0.132
0.282,0.698,0.207,0.062,0.280,0.759,0.636,0.223,0.763,0.167
0.532,0.361,0.037,0.899,0.908,0.657,0.708,0.310,0.689,0.495
0.665,0.799,0.400,0.027,0.378,0.025,0.249,0.781,0.606,0.659
0.535,0.939,0.679,0.184,0.425,0.112,0.119,0.674,0.660,0.970
0.013,0.606,0.420,0.780,0.482,0.096,0.962,0.962,0.509,0.057
0.945,0.167,0.628,0.996,0.571,0.487,0.951,0.796,0.165,0.364
0.583,0.889,0.212,0.699,0.960,0.234,0.940,0.011,0.894,0.712
0.130,0.004,0.875,0.717,0.901,0.422,0.639,0.136,0.779,0.579
0.241,0.691,0.794,0.708,0.026,0.882,0.190,0.374,0.060,0.110
0.890,0.742,0.706,0.136,0.160,0.978,0.513,0.360,0.504,0.628
0.990,0.894,0.039,0.394,0.197,0.864,0.419,0.628,0.880,0.929
0.795,0.920,0.535,0.390,0.074,0.239,0.499,0.958,0.247,0.727
0.206,0.636,0.079,0.336,0.243,0.811,0.699,0.930,0.799,0.103
0.355,0.459,0.022,0.198,0.328,0.010,0.275,0.930,0.513,0.214
0.167,0.691,0.280,0.062,0.669,0.088,0.702,0.293,0.894,0.041
0.927,0.898,0.987,0.839,0.406,0.262,0.198,0.595,0.957,0.819
0.107,0.806,0.312,0.736,0.379,0.216,0.754,0.049,0.981,0.840
0.330,0.662,0.976,0.712,0.615,0.727,0.704,0.825,0.664,0.825
0.798,0.374,0.587,0.143,0.673,0.151,0.595,0.841,0.994,0.527
0.475,0.125,0.743,0.536,0.928,0.115,0.232,0.764,0.598,0.436
0.555,0.460,0.065,0.712,0.465,0.470,0.066,0.691,0.480,0.293
0.070,0.102,0.328,0.344,0.955,0.086,0.287,0.514,0.746,0.854
0.020,0.232,0.013,0.874,0.816,0.955,0.611,0.777,0.980,0.523
0.818,0.415,0.869,0.789,0.995,0.666,0.924,0.721,0.069,0.106
0.840,0.728,0.362,0.644,0.899,0.434,0.146,0.930,0.510,0.377
0.212,0.812,0.760,0.598,0.466,0.916,0.975,0.734,0.379,0.431
0.752,0.511,0.282,0.264,0.872,0.895,0.630,0.153,0.180,0.816
0.082,0.417,0.681,0.806,0.496,0.662,0.493,0.543,0.224,0.099
0.163,0.323,0.074,0.596,0.501,0.180,0.026,0.149,0.508,0.688
0.904,0.103,0.141,0.371,0.551,0.590,0.603,0.821,0.798,0.972
0.188,0.181,0.857,0.976,0.778,0.749,0.262,0.827,0.145,0.072
0.050,0.100,0.603,0.857,0.556,0.337,0.523,0.085,0.444,0.298
0.340,0.623,0.726,0.319,0.498,0.186,0.522,0.507,0.244,0.767
0.867,0.035,0.330,0.214,0.124,0.963,0.163,0.306,0.687,0.503
0.332,0.147,0.018,0.541,0.244,0.616,0.296,0.976,0.835,0.686
0.983,0.291,0.580,0.964,0.371,0.706,0.191,0.202,0.292,0.282
0.376,0.181,0.940,0.467,0.742,0.017,0.550,0.984,0.057,0.132
0.770,0.423,0.191,0.421,0.378,0.463,0.289,0.419,0.819,0.859
0.786,0.070,0.639,0.607,0.317,0.317,0.062,0.727,0.398,0.662
0.075,0.659,0.475,0.623,0.175,0.514,0.379,0.082,0.401,0.278
0.728,0.753,0.895,0.286,0.621,0.326,0.541,0.175,0.403,0.741
0.601,0.210,0.657,0.194,0.336,0.403,0.531,0.781,0.167,0.986
0.454,0.188,0.074,0.710,0.728,0.797,0.000,0.448,0.082,0.873
0.233,0.624,0.425,0.002,0.910,0.536,0.539,0.785,0.213,0.020
0.779,0.150,0.090,0.223,0.182,0.726,0.299,0.008,0.318,0.592
0.301,0.373,0.682,0.280,0.038,0.615,0.433,0.575,0.325,0.113
0.606,0.215,0.029,0.016,0.010,0.155,0.693,0.467,0.827,0.469
0.319,0.375,0.283,0.649,0.947,0.668,0.826,0.056,0.823,0.752
0.219,0.508,0.963,0.820,0.889,0.201,0.715,0.995,0.351,0.606
0.790,0.650,0.182,0.933,0.222,0.983,0.273,0.498,0.736,0.182
0.559,0.354,0.321,0.649,0.610,0.579,0.273,0.263,0.715,0.898
0.734,0.494,0.447,0.972,0.423,0.907,0.844,0.618,0.260,0.219
0.528,0.566,0.502,0.332,0.604,0.404,0.802,0.291,0.102,0.623
0.406,0.118,0.422,0.188,0.816,0.692,0.528,0.934,0.721,0.511
0.535,0.008,0.985,0.409,0.884,0.655,0.431,0.241,0.955,0.647
0.510,0.994,0.696,0.118,0.012,0.418,0.012,0.095,0.576,0.161
0.217,0.939,0.771,0.300,0.052,0.970,0.649,0.169,0.273,0.196
0.827,0.527,0.036,0.454,0.646,0.558,0.507,0.190,0.616,0.064
0.086,0.381,0.601,0.510,0.653,0.694,0.767,0.336,0.042,0.160
0.263,0.149,0.456,0.510,0.108,0.465,0.109,0.385,0.254,0.526
0.562,0.232,0.456,0.419,0.371,0.940,0.096,0.977,0.009,0.629
0.589,0.177,0.852,0.353,0.843,0.839,0.876,0.104,0.939,0.162
0.987,0.317,0.041,0.145,0.934,0.813,0.855,0.951,0.064,0.104
0.395,0.652,0.674,0.354,0.034,0.254,0.575,0.109,0.804,0.426
0.206,0.703,0.306,0.606,0.456,0.396,0.533,0.133,0.127,0.492
0.388,0.430,0.318,0.490,0.036,0.116,0.747,0.129,0.055,0.586
0.529,0.212,0.770,0.975,0.845,0.572,0.190,0.953,0.315,0.363
0.952,0.387,0.371,0.194,0.771,0.351,0.495,0.983,0.024,0.831
0.820,0.504,0.523,0.875,0.781,0.167,0.343,0.903,0.788,0.214
0.792,0.470,0.541,0.839,0.209,0.095,0.678,0.333,0.992,0.260
0.018,0.948,0.941,0.346,0.367,0.537,0.196,0.354,0.216,0.947
0.777,0.796,0.356,0.870,0.880,0.321,0.038,0.194,0.985,0.685
0.845,0.637,0.289,0.982,0.895,0.145,0.953,0.467,0.658,0.261
0.672,0.018,0.050,0.649,0.457,0.917,0.802,0.184,0.181,0.234
0.217,0.204,0.314,0.247,0.619,0.097,0.216,0.906,0.807,0.530
0.874,0.013,0.718,0.742,0.665,0.732,0.870,0.480,0.234,0.756
0.057,0.644,0.347,0.394,0.441,0.423,0.654,0.768,0.440,0.610
0.465,0.404,0.996,0.341,0.483,0.085,0.310,0.542,0.662,0.004
0.492,0.760,0.765,0.141,0.054,0.908,0.713,0.556,0.861,0.289
0.740,0.482,0.707,0.985,0.428,0.710,0.123,0.610,0.315,0.805
0.039,0.462,0.992,0.358,0.183,0.685,0.633,0.717,0.345,0.612
0.132,0.984,0.174,0.698,0.585,0.420,0.400,0.586,0.578,0.509
0.005,0.196,0.666,0.582,0.932,0.583,0.848,0.860,0.123,0.435
0.555,0.518,0.549,0.238,0.502,0.203,0.812,0.674,0.766,0.289
0.567,0.366,0.982,0.283,0.025,0.180,0.480,0.745,0.297,0.140
0.020,0.981,0.054,0.190,0.833,0.933,0.996,0.837,0.164,0.974
0.296,0.082,0.618,0.919,0.017,0.709,0.778,0.985,0.883,0.316
0.859,0.885,0.293,0.824,0.539,0.005,0.986,0.049,0.000,0.328
0.704,0.350,0.056,0.346,0.559,0.235,0.756,0.473,0.842,0.507
0.378,0.897,0.927,0.160,0.711,0.800,0.705,0.455,0.345,0.057
0.489,0.284,0.824,0.262,0.739,0.287,0.665,0.921,0.886,0.271
0.270,0.292,0.186,0.297,0.901,0.364,0.710,0.741,0.290,0.758
0.025,0.999,0.023,0.318,0.152,0.212,0.419,0.002,0.511,0.821
0.379,0.220,0.110,0.177,0.781,0.347,0.233,0.146,0.060,0.124
0.490,0.795,0.106,0.705,0.774,0.456,0.463,0.074,0.737,0.929
0.979,0.742,0.786,0.411,0.781,0.280,0.417,0.662,0.174,0.742
0.624,0.944,0.082,0.852,0.062,0.780,0.457,0.918,0.401,0.403
0.112,0.211,0.533,0.441,0.362,0.506,0.005,0.857,0.837,0.430
0.204,0.871,0.488,0.206,0.687,0.844,0.370,0.723,0.288,0.160
0.488,0.163,0.256,0.086,0.149,0.823,0.752,0.803,0.437,0.451
0.059,0.359,0.596,0.263,0.676,0.899,0.878,0.231,0.366,0.081
0.248,0.322,0.441,0.581,0.080,0.832,0.748,0.487,0.919,0.049
0.848,0.937,0.858,0.515,0.591,0.122,0.676,0.946,0.922,0.157
0.190,0.996,0.786,0.579,0.580,0.860,0.551,0.491,0.118,0.088
0.729,0.803,0.812,0.196,0.717,0.347,0.497,0.041,0.539,0.880
0.396,0.604,0.433,0.994,0.121,0.363,0.124,0.513,0.400,0.233
0.344,0.564,0.165,0.928,0.128,0.873,0.850,0.188,0.071,0.585
0.107,0.194,0.229,0.826,0.421,0.819,0.390,0.855,0.415,0.008
0.386,0.942,0.875,0.770,0.680,0.896,0.003,0.099,0.678,0.945
0.138,0.105,0.687,0.859,0.992,0.829,0.886,0.955,0.828,0.989
0.248,0.222,0.276,0.256,0.958,0.413,0.289,0.069,0.637,0.283
0.761,0.331,0.156,0.356,0.520,0.224,0.986,0.341,0.088,0.155
0.926,0.039,0.912,0.912,0.705,0.487,0.806,0.363,0.646,0.302
0.937,0.848,0.817,0.910,0.059,0.510,0.408,0.195,0.147,0.217
0.247,0.770,0.712,0.800,0.807,0.459,0.038,0.158,0.392,0.282
0.769,0.433,0.382,0.112,0.425,0.026,0.793,0.008,0.408,0.326
0.458,0.165,0.496,0.377,0.817,0.705,0.999,0.351,0.666,0.399
0.275,0.242,0.707,0.130,0.860,0.485,0.611,0.801,0.576,0.194
0.685,0.362,0.154,0.832,0.822,0.568,0.555,0.382,0.587,0.732
0.888,0.996,0.789,0.503,0.659,0.046,0.740,0.179,0.198,0.429
0.459,0.182,0.249,0.912,0.791,0.446,0.068,0.361,0.760,0.742
0.897,0.600,0.040,0.856,0.411,0.855,0.281,0.385,0.192,0.184
0.284,0.729,0.421,0.264,0.552,0.472,0.150,0.077,0.213,0.551
0.720,0.439,0.822,0.609,0.486,0.093,0.749,0.332,0.830,0.690
0.543,0.739,0.376,0.703,0.783,0.378,0.282,0.017,0.320,0.970
0.580,0.656,0.673,0.228,0.278,0.525,0.696,0.670,0.354,0.471
0.171,0.380,0.357,0.425,0.288,0.960,0.503,0.938,0.926,0.552
0.874,0.396,0.782,0.836,0.713,0.879,0.879,0.961,0.438,0.769
0.564,0.852,0.677,0.929,0.343,0.383,0.352,0.308,0.219,0.685
0.602,0.368,0.860,0.133,0.513,0.507,0.434,0.625,0.199,0.852
0.109,0.596,0.322,0.715,0.120,0.622,0.757,0.870,0.172,0.377
0.365,0.898,0.885,0.624,0.947,0.602,0.623,0.941,0.863,0.236
0.465,0.225,0.164,0.736,0.928,0.904,0.174,0.965,0.661,0.941
0.439,0.399,0.448,0.671,0.505,0.645,0.435,0.988,0.909,0.635
0.610,0.007,0.941,0.227,0.417,0.156,0.552,0.818,0.226,0.646
0.401,0.384,0.857,0.042,0.629,0.137,0.011,0.062,0.725,0.267
0.482,0.657,0.336,0.676,0.378,0.925,0.078,0.391,0.983,0.003
0.397,0.023,0.260,0.336,0.346,0.249,0.305,0.355,0.463,0.794
0.637,0.484,0.481,0.066,0.170,0.463,0.010,0.597,0.786,0.747
0.384,0.977,0.107,0.050,0.515,0.246,0.105,0.137,0.798,0.016
0.468,0.206,0.434,0.307,0.416,0.416,0.356,0.029,0.614,0.300
0.477,0.272,0.108,0.441,0.570,0.581,0.429,0.053,0.603,0.419
0.852,0.166,0.347,0.164,0.323,0.622,0.695,0.763,0.383,0.979
0.919,0.347,0.856,0.084,0.932,0.628,0.187,0.563,0.644,0.946
0.907,0.236,0.231,0.411,0.639,0.773,0.514,0.437,0.920,0.203
0.248,0.306,0.316,0.796,0.402,0.255,0.522,0.497,0.791,0.917
0.530,0.242,0.505,0.537,0.842,0.107,0.610,0.091,0.219,0.662
0.517,0.115,0.826,0.689,0.132,0.985,0.827,0.543,0.085,0.999
0.488,0.833,0.912,0.805,0.589,0.299,0.336,0.800,0.131,0.100
0.841,0.109,0.483,0.406,0.552,0.326,0.756,0.830,0.813,0.740
0.124,0.065,0.595,0.066,0.266,0.519,0.618,0.116,0.722,0.785
0.859,0.976,0.623,0.808,0.934,0.237,0.625,0.622,0.164,0.586
0.594,0.818,0.421,0.222,0.235,0.757,0.919,0.845,0.512,0.005
0.334,0.564,0.534,0.638,0.891,0.146,0.838,0.749,0.869,0.196
0.081,0.497,0.376,0.356,0.088,0.175,0.631,0.393,0.133,0.498
0.505,0.938,0.127,0.971,0.999,0.628,0.781,0.727,0.171,0.792
0.153,0.420,0.669,0.625,0.676,0.804,0.147,0.844,0.914,0.505
0.434,0.042,0.236,0.063,0.419,0.991,0.777,0.047,0.450,0.573
0.739,0.104,0.043,0.892,0.212,0.850,0.667,0.022,0.046,0.684
0.934,0.555,0.189,0.098,0.093,0.567,0.388,0.911,0.069,0.209
0.599,0.668,1.000,0.094,0.792,0.820,0.043,0.503,0.546,0.688
0.949,0.022,0.888,0.420,0.811,0.567,0.667,0.742,0.728,0.731
0.138,0.111,0.222,0.877,0.898,0.954,0.385,0.793,0.137,0.717
0.782,0.796,0.724,0.070,0.693,0.444,0.828,0.221,0.006,0.111
0.866,0.437,0.793,0.825,0.539,0.794,0.198,0.839,0.237,0.904
0.219,0.639,0.533,0.478,0.645,0.663,0.580,0.398,0.243,0.656
0.451,0.184,0.994,0.417,0.530,0.762,0.428,0.470,0.973,0.970
0.629,0.833,0.403,0.817,0.102,0.526,0.924,0.546,0.157,0.528
0.125,0.337,0.383,0.206,0.218,0.195,0.357,0.031,0.663,0.121
0.159,0.217,0.544,0.368,0.774,0.650,0.882,0.956,0.473,0.140
0.806,0.684,0.932,0.255,0.036,0.863,0.770,0.707,0.799,0.345
0.027,0.950,0.446,0.945,0.579,0.406,0.149,1.000,0.883,0.507
0.382,0.530,0.926,0.255,0.809,0.547,0.765,0.652,0.277,0.045
0.734,0.888,0.660,0.870,0.254,0.193,0.750,0.133,0.699,0.331
0.288,0.697,0.342,0.023,0.681,0.706,0.326,0.496,0.537,0.446
0.769,0.845,0.671,0.702,0.057,0.069,0.077,0.372,0.396,0.532
0.549,0.726,0.847,0.877,0.504,0.569,0.061,0.163,0.310,0.663
0.060,0.135,0.137,0.278,0.876,0.121,0.185,0.519,0.057,0.328
0.889,0.634,0.361,0.780,0.624,0.702,0.990,0.579,0.492,0.361
0.433,0.123,0.454,0.015,0.711,0.858,0.071,0.559,0.547,0.733
0.256,0.543,0.150,0.582,0.294,0.973,0.741,0.533,0.278,0.313
0.225,0.482,0.553,0.774,0.001,0.086,0.908,0.112,0.298,0.159
0.912,0.971,0.308,0.631,0.592,0.156,0.704,0.145,0.539,0.628
0.272,0.575,0.201,0.941,0.860,0.866,0.852,0.461,0.316,0.938
0.833,0.379,0.063,0.065,0.245,0.118,0.621,0.394,0.551,0.906
0.858,0.568,0.990,0.986,0.701,0.812,0.031,0.411,0.510,0.805
0.521,0.754,0.861,0.022,0.661,0.694,0.407,0.694,0.069,0.662
0.732,0.388,0.328,0.841,0.681,0.629,0.055,0.073,0.903,0.298
0.776,0.626,0.888,0.195,0.170,0.505,0.909,0.105,0.480,0.314
0.212,0.135,0.101,0.726,0.485,0.735,0.100,0.841,0.542,0.756
0.816,0.444,0.621,0.002,0.789,0.797,0.452,0.591,0.106,0.950
0.046,0.905,0.818,0.235,0.437,0.649,0.544,0.137,0.635,0.160
0.952,0.565,0.204,0.403,0.559,0.759,0.931,0.032,0.637,0.656
0.051,0.671,0.521,0.270,0.991,0.307,0.082,0.793,0.781,0.740
0.106,0.255,0.714,0.757,0.698,0.850,0.407,0.294,0.247,0.831
0.663,0.686,0.814,0.476,0.407,0.850,0.955,0.088,0.894,0.418
0.707,0.197,0.067,0.686,0.160,0.222,0.273,0.170,0.825,0.185
0.803,0.082,0.181,0.085,0.570,0.177,0.086,0.822,0.456,0.067
0.186,0.261,0.706,0.270,0.108,0.648,0.191,0.859,0.678,0.083
0.117,0.082,0.304,0.766,0.712,0.127,0.254,0.197,0.822,0.620
0.029,0.990,0.985,0.524,0.634,0.975,0.243,0.910,0.976,0.939
0.243,0.317,0.737,0.264,0.886,0.399,0.079,0.280,0.236,0.471
0.594,0.977,0.559,0.271,0.927,0.722,0.318,0.111,0.465,0.537
0.651,0.929,0.047,0.787,0.480,0.559,0.555,0.419,0.373,0.168
0.339,0.873,0.504,0.186,0.796,0.135,0.869,0.181,0.329,0.151
0.405,0.289,0.398,0.900,0.449,0.695,0.203,0.496,0.899,0.751
0.228,0.709,0.951,0.731,0.715,0.099,0.644,0.446,0.346,0.165
0.330,0.757,0.026,0.279,0.687,0.376,0.204,0.201,0.562,0.954
0.280,0.307,0.126,0.953,0.085,0.092,0.674,0.510,0.251,0.439
0.976,0.597,0.196,0.642,0.287,0.596,0.311,0.990,0.913,0.926
0.363,0.126,0.068,0.868,0.784,0.763,0.153,0.720,0.069,0.220
0.885,0.596,0.225,0.271,0.998,0.424,0.790,0.423,0.533,0.524
0.005,0.620,0.467,0.564,0.648,0.841,0.585,0.661,0.628,0.079
0.221,0.787,0.497,0.618,0.232,0.098,0.921,0.631,0.562,0.478
0.556,0.199,0.462,0.617,0.776,0.961,0.382,0.439,0.964,0.880
0.107,0.774,0.510,0.031,0.208,0.117,0.761,0.753,0.809,0.460
0.198,0.328,0.001,0.106,0.488,0.770,0.152,0.966,0.308,0.990
0.648,0.365,0.548,0.840,0.136,0.174,0.031,0.150,0.493,0.930
0.614,0.474,0.756,0.524,0.918,0.951,0.218,0.585,0.345,0.106
0.365,0.691,0.865,0.831,0.285,0.824,0.856,0.340,0.687,0.696
0.621,0.753,0.679,0.269,0.125,0.198,0.834,0.721,0.547,0.606
0.898,0.301,0.750,0.045,0.172,0.413,0.168,0.600,0.481,0.647
0.146,0.153,0.443,0.396,0.344,0.797,0.584,0.233,0.741,0.172
0.263,0.691,0.370,0.174,0.639,0.313,0.202,0.797,0.003,0.570
0.362,0.584,0.157,0.414,0.850,0.254,0.381,0.827,0.942,0.323
0.426,0.645,0.073,0.727,0.215,0.026,0.874,0.508,0.674,0.387
0.078,0.452,0.620,0.341,0.195,0.118,0.704,0.716,0.370,0.785
0.750,0.761,0.433,0.985,0.474,0.046,0.950,0.039,0.371,0.296
0.667,0.554,0.981,0.717,0.606,0.495,0.421,0.405,0.080,0.780
0.311,0.556,0.029,0.778,0.952,0.216,0.548,0.613,0.540,0.282
0.885,0.754,0.748,0.051,0.312,0.106,0.924,0.733,0.372,0.241
0.563,0.485,0.141,0.678,0.572,0.091,0.566,0.829,0.215,0.114
0.325,0.440,0.966,0.215,0.315,0.557,0.589,0.122,0.738,0.383
0.313,0.278,0.066,0.993,0.079,0.900,0.361,0.470,0.373,0.528
0.287,0.529,0.927,0.223,0.324,0.551,0.337,0.202,0.255,0.381
0.844,0.581,0.563,0.933,0.679,0.618,0.571,0.430,0.855,0.009
0.982,0.715,0.505,0.140,0.910,0.522,0.840,0.970,0.862,0.352
0.265,0.891,0.465,0.250,0.199,0.238,0.371,0.354,0.945,0.027
0.473,0.959,0.688,0.517,0.589,0.759,0.907,0.381,0.184,0.287
0.040,0.234,0.790,0.143,0.986,0.377,0.254,0.086,0.089,0.559
0.885,0.182,0.841,0.309,0.681,0.263,0.588,0.774,0.242,0.210
0.839,0.808,0.849,0.588,0.878,0.947,0.961,0.352,0.810,0.130
0.438,0.760,0.999,0.635,0.551,0.064,0.282,0.494,0.492,0.200
0.417,0.247,0.760,0.315,0.496,0.989,0.376,0.448,0.625,0.106
0.514,0.850,0.966,0.419,0.216,0.877,0.600,0.630,0.071,0.398
0.949,0.849,0.824,0.900,0.671,0.094,0.199,0.334,0.140,0.764
0.104,0.055,0.023,0.518,0.962,0.710,0.166,0.055,0.351,0.102
0.210,0.369,0.289,0.847,0.920,0.961,0.137,0.376,0.964,0.393
0.700,0.373,0.460,0.969,0.784,0.633,0.634,0.845,0.996,0.797
0.587,0.966,0.845,0.264,0.917,0.596,0.640,0.593,0.725,0.139
0.588,0.538,0.129,0.920,0.495,0.696,0.175,0.384,0.702,0.807
0.479,0.151,0.448,0.879,0.734,0.706,0.834,0.733,0.905,0.589
0.229,0.202,0.005,0.809,0.119,0.770,0.158,0.164,0.491,0.876
0.060,0.877,0.554,0.818,0.546,0.944,0.408,0.619,0.731,0.563
0.771,0.637,0.018,0.074,0.758,0.961,0.268,0.403,0.687,0.354
0.909,0.293,0.498,0.739,0.700,0.055,0.457,0.982,0.433,0.675
0.486,0.635,0.034,0.433,0.738,0.443,0.132,0.743,0.505,0.363
0.716,0.307,0.464,0.111,0.261,0.405,0.560,0.503,0.634,0.144
0.288,0.142,0.369,0.283,0.353,0.784,0.130,0.416,0.096,0.467
0.011,0.114,0.968,0.307,0.460,0.068,0.598,0.261,0.880,0.543
0.769,0.281,0.230,0.236,0.710,0.347,0.176,0.274,0.253,0.975
0.602,0.046,0.830,0.063,0.338,0.988,0.331,0.595,0.298,0.871
0.320,0.551,0.943,0.798,0.535,0.333,0.225,0.660,0.865,0.781
0.239,0.631,0.934,0.618,0.550,0.417,0.899,0.968,0.100,0.893
0.708,0.646,0.692,0.482,0.377,0.210,0.925,0.539,0.892,0.461
0.288,0.263,0.407,0.772,0.299,0.908,0.037,0.235,0.528,0.767
0.504,0.205,0.256,0.086,0.357,0.654,0.175,0.212,0.886,0.577
0.576,0.093,0.156,0.587,0.002,0.063,0.368,0.384,0.454,0.508
0.654,0.912,0.116,0.895,0.372,0.755,0.036,0.077,0.188,0.819
0.124,0.389,0.267,0.548,0.721,0.969,0.776,0.990,0.856,0.329
0.204,0.630,0.328,0.309,0.682,0.157,0.311,0.519,0.789,0.835
0.990,0.497,0.447,0.714,0.852,0.118,0.880,0.815,0.420,0.540
0.927,0.217,0.329,0.503,0.256,0.937,0.907,0.137,0.493,0.099
0.787,0.222,0.942,0.168,0.834,0.628,0.713,0.034,0.979,0.658
0.382,0.419,0.353,0.253,0.926,0.083,0.240,0.689,0.129,0.932
0.206,0.621,0.280,0.311,0.708,0.402,0.220,0.094,0.232,0.131
0.868,0.329,0.695,0.230,0.579,0.664,0.649,0.200,0.528,0.982
0.591,0.177,0.084,0.903,0.115,0.641,0.488,0.592,0.480,0.154
0.820,0.461,0.442,0.787,0.660,0.863,0.305,0.131,0.264,0.356
0.186,0.067,0.065,0.683,0.080,0.189,0.322,0.112,0.632,0.207
0.239,0.791,0.016,0.594,0.270,0.815,0.785,0.649,0.876,0.424
0.854,0.850,0.005,0.596,0.059,0.788,0.748,0.198,0.349,0.468
0.366,0.201,0.847,0.110,0.434,0.380,0.163,0.278,0.557,0.197
0.036,0.515,0.356,0.487,0.392,0.977,0.894,0.360,0.674,0.450
0.633,0.753,0.535,0.419,0.467,0.142,0.380,0.714,0.730,0.103
0.166,0.533,0.611,0.196,0.274,0.508,0.831,0.555,0.588,0.769
0.726,0.250,0.482,0.290,0.201,0.610,0.149,0.451,0.098,0.167
0.916,0.078,0.858,0.123,0.363,0.747,0.664,0.303,0.593,0.038
0.684,0.006,0.060,0.632,0.563,0.783,0.410,0.736,0.574,0.403
0.907,0.542,0.263,0.722,0.887,0.040,0.269,0.436,0.330,0.571
0.595,0.683,0.152,0.009,0.226,0.129,0.992,0.467,0.516,0.802
0.711,0.645,0.747,0.136,0.345,0.583,0.304,0.215,0.142,0.913
0.897,0.341,0.203,0.821,0.287,0.375,0.959,0.199,0.866,0.798
0.737,0.909,0.325,0.583,0.649,0.978,0.569,0.374,0.504,0.808
0.813,0.131,0.928,0.018,0.702,0.942,0.212,0.539,0.926,0.312
0.836,0.234,0.406,0.896,0.347,0.870,0.035,0.888,0.875,0.502
0.633,0.950,0.291,0.824,0.373,0.500,0.737,0.205,0.053,0.911
0.790,0.575,0.119,0.351,0.582,0.878,0.004,0.580,0.302,0.203
0.080,0.037,0.877,0.652,0.870,0.754,0.181,0.691,0.237,0.804
0.840,0.198,0.964,0.789,0.938,0.670,0.061,0.673,0.489,0.742
0.064,0.950,0.959,0.640,0.367,0.329,0.053,0.374,0.520,0.560
0.215,0.340,0.331,0.766,0.619,0.024,0.718,0.099,0.522,0.482
0.607,0.022,0.555,0.995,0.733,0.626,0.843,0.479,0.358,0.841
0.397,0.192,0.607,0.491,0.076,0.006,0.483,0.665,0.928,0.196
0.876,0.219,0.274,0.215,0.997,0.342,0.573,0.206,0.870,0.771
0.895,0.246,0.727,0.135,0.213,0.199,0.730,0.149,0.178,0.323
0.499,0.435,0.721,0.515,0.590,0.169,0.707,0.029,0.331,0.464
0.442,0.092,0.481,0.007,0.114,0.434,0.083,0.415,0.591,0.588
0.128,0.468,0.600,0.847,0.887,0.631,0.653,0.848,0.394,0.752
0.720,0.584,0.645,0.332,0.349,0.261,0.429,0.610,0.767,0.081
0.606,0.723,0.639,0.053,0.305,0.492,0.262,0.903,0.726,0.930
0.573,0.467,0.326,0.390,0.851,0.147,0.665,0.789,0.872,0.385
0.549,0.479,0.194,0.443,0.475,0.950,0.427,0.826,0.083,0.794
0.924,0.815,0.367,0.326,0.351,0.089,0.777,0.766,0.127,0.386
0.444,0.911,0.836,0.276,0.831,0.492,0.627,0.403,0.942,0.352
0.448,0.979,0.289,0.752,0.569,0.951,0.176,0.282,0.149,0.064
0.095,0.116,0.882,0.090,0.853,0.534,0.875,0.688,0.721,0.590
0.661,0.876,0.168,0.736,0.433,0.269,0.118,0.015,0.692,0.526
0.625,0.320,1.000,0.406,0.818,0.584,0.444,0.428,0.289,0.172
0.547,0.958,0.648,0.763,0.585,0.459,0.121,0.795,0.978,0.324
0.537,0.270,0.712,0.801,0.792,0.718,0.185,0.097,0.914,0.902
0.371,0.661,0.973,0.505,0.645,0.602,0.134,0.591,0.484,0.049
0.238,0.675,0.961,0.197,0.370,0.504,0.664,0.699,0.247,0.374
0.386,0.232,0.950,0.075,0.064,0.449,0.499,0.597,0.339,0.475
0.969,0.456,0.248,0.802,0.540,0.093,0.211,0.560,0.260,0.192
0.099,0.801,0.496,0.613,0.464,0.813,0.687,0.667,0.302,0.845
0.981,0.739,0.228,0.915,0.456,0.494,0.113,0.617,0.274,0.479
0.348,0.156,0.495,0.641,0.649,0.621,0.641,0.676,0.477,0.389
0.335,0.966,0.734,0.320,0.695,0.822,0.590,0.490,0.600,0.898
0.277,0.287,0.965,0.546,0.708,0.366,0.629,0.529,0.588,0.682
0.165,0.900,0.156,0.628,0.972,0.386,0.163,0.900,0.239,0.523
0.611,0.601,0.260,0.404,0.954,0.626,0.658,0.070,0.708,0.890
0.963,0.903,0.198,0.133,0.747,0.581,0.908,0.252,0.165,0.878
0.960,0.521,0.044,0.087,0.997,0.700,0.459,0.460,0.419,0.656
0.522,0.871,0.422,0.147,0.558,0.219,0.430,0.599,0.710,0.375
0.278,0.073,0.955,0.491,0.266,0.941,0.205,0.442,0.610,0.798
0.984,0.346,0.329,0.765,0.463,0.594,0.987,0.975,0.419,0.117
0.061,0.883,0.605,0.420,0.999,0.338,0.789,0.948,0.475,0.166
0.113,0.288,0.071,0.264,0.306,0.843,0.815,0.818,0.799,0.034
0.524,0.370,0.989,0.368,0.331,0.245,0.178,0.783,0.397,0.443
0.293,0.260,0.058,0.387,0.170,0.125,0.472,0.986,0.196,0.632
0.432,0.724,0.301,0.962,0.906,0.164,0.780,0.107,0.238,0.317
0.026,0.476,0.950,0.735,0.172,0.893,0.155,0.311,0.216,0.219
0.535,0.630,0.697,0.276,0.267,0.918,0.467,0.777,0.714,0.174
0.364,0.030,0.583,0.774,0.248,0.674,0.753,0.254,0.743,0.199
0.511,0.959,0.643,0.181,0.669,0.348,0.064,0.269,0.226,0.312
0.971,0.801,0.095,0.514,0.601,0.950,0.124,0.300,0.036,0.247
0.654,0.818,0.919,0.458,0.571,0.750,0.183,0.731,0.548,0.975
0.914,0.092,0.688,0.653,0.581,0.970,0.260,0.986,0.318,0.250
0.346,0.476,0.356,0.355,0.469,0.844,0.765,0.448,0.683,0.024
0.594,0.463,0.143,0.959,0.410,0.195,0.992,0.723,0.356,0.933
0.630,0.292,0.796,0.158,0.552,0.963,0.700,0.568,0.518,0.655
0.557,0.851,0.152,0.067,0.938,0.031,0.654,0.848,0.315,0.580
0.151,0.842,0.362,0.325,0.201,0.009,0.515,0.527,0.613,0.360
0.894,0.529,0.838,0.581,0.721,0.058,0.314,0.430,0.151,0.114
0.624,0.585,0.260,0.830,0.372,0.833,0.233,0.710,0.824,0.454
0.744,0.228,0.470,0.357,0.182,0.218,0.133,0.250,0.264,0.127
0.725,0.483,0.153,0.771,0.231,0.033,0.175,0.480,0.633,0.544
0.231,0.152,0.502,0.870,0.827,0.792,0.713,0.633,0.222,0.624
0.325,0.146,0.800,0.223,0.837,0.845,0.527,0.578,0.273,0.930
0.194,0.852,0.559,0.722,0.848,0.053,0.013,0.242,0.155,0.123
0.152,0.758,0.048,0.098,0.545,0.080,0.946,0.958,0.329,0.569
0.168,0.496,0.421,0.402,0.250,0.996,0.539,0.646,0.106,0.152
0.444,0.245,0.067,0.149,0.948,0.025,0.394,0.812,0.398,0.945
0.605,0.032,0.140,0.360,0.694,0.848,0.272,0.479,0.608,0.481
0.411,0.547,0.201,0.676,0.121,0.014,0.874,0.435,0.201,0.369
0.561,0.654,0.443,0.358,0.850,0.102,0.026,0.618,0.348,0.966
0.509,0.114,0.826,0.566,0.558,0.237,0.556,0.524,0.753,0.776
0.602,0.748,0.108,0.529,0.734,0.335,0.371,0.931,0.688,0.893
0.090,0.117,0.839,0.805,0.429,0.551,0.681,0.868,0.402,0.440
0.456,0.408,0.517,0.000,0.609,0.205,0.220,0.333,0.748,0.557
0.059,0.746,0.911,0.231,0.468,0.730,0.127,0.554,0.280,0.611
0.516,0.669,0.258,0.853,0.794,0.753,0.767,0.649,0.829,0.650
0.893,0.543,0.155,0.112,0.061,0.438,0.923,0.564,0.475,0.517
0.365,0.017,0.399,0.166,0.275,0.385,0.527,0.063,0.142,0.131
0.288,0.032,0.624,0.154,0.653,0.235,0.737,0.502,0.254,0.531
0.381,0.072,0.061,0.097,0.648,0.763,0.519,0.359,0.182,0.441
0.832,0.727,0.710,0.813,0.975,0.726,0.566,0.029,0.119,0.868
0.426,0.306,0.600,0.557,0.257,0.222,0.917,0.542,0.461,0.773
0.091,0.800,0.884,0.896,0.930,0.635,0.698,0.317,0.925,0.017
0.328,0.940,0.053,0.479,0.026,0.294,0.855,0.236,0.394,0.006
0.277,0.140,0.562,0.164,0.989,0.630,0.058,0.278,0.547,0.506
0.134,0.944,0.939,0.714,0.851,0.992,0.040,0.073,0.847,0.544
0.293,0.518,0.861,0.885,0.286,0.779,0.575,0.310,0.521,0.479
0.434,0.892,0.241,0.604,0.335,0.638,0.020,0.275,0.099,0.128
0.497,0.894,0.763,0.439,0.472,0.627,0.815,0.951,0.104,0.786
0.328,0.384,0.588,0.150,0.595,0.186,0.502,0.941,0.385,0.154
0.524,0.870,0.805,0.178,0.044,0.949,0.449,0.639,0.512,0.479
0.298,0.456,0.921,0.272,0.046,0.164,0.911,0.378,0.599,0.708
0.918,0.436,0.219,0.584,0.329,0.790,0.347,0.718,0.594,0.018
0.414,0.140,0.507,0.817,0.531,0.210,0.443,0.231,0.136,0.778
0.578,0.050,0.654,0.842,0.212,0.347,0.245,0.045,0.431,0.005
0.148,0.484,0.744,0.520,0.911,0.394,0.152,0.280,0.861,0.731
0.012,0.663,0.199,0.767,0.418,0.595,0.138,0.921,0.257,0.556
0.625,0.093,0.844,0.858,0.065,0.033,0.093,0.078,0.017,0.012
0.141,0.047,0.394,0.905,0.964,0.058,0.087,0.618,0.708,0.567
0.075,0.740,0.923,0.643,0.890,0.599,0.434,0.651,0.196,0.881
0.216,0.336,0.248,0.234,0.942,0.769,0.978,0.898,0.836,0.137
0.587,0.966,0.082,0.729,0.016,0.477,0.221,0.929,0.558,0.791
0.353,0.368,0.547,0.021,0.197,0.524,0.818,0.458,0.701,0.857
0.290,0.973,0.600,0.397,0.433,0.969,0.597,0.281,0.579,0.926
0.652,0.042,0.159,0.409,0.309,0.805,0.348,0.146,0.283,0.048
0.851,0.316,0.750,0.726,0.230,0.062,0.783,0.761,0.520,0.787
0.071,0.601,0.599,0.463,0.049,0.259,0.934,0.205,0.626,0.597
0.995,0.816,0.866,0.558,0.291,0.902,0.572,0.206,0.089,0.228
0.785,0.385,0.390,0.216,0.051,0.443,0.984,0.096,0.602,0.234
0.508,0.291,0.726,1.000,0.670,0.412,0.906,0.804,0.740,0.758
0.422,0.656,0.174,0.489,0.985,0.783,0.780,0.506,0.433,0.763
0.480,0.925,0.141,0.575,0.648,0.946,0.198,0.837,0.438,0.252
0.285,0.598,0.146,0.113,0.243,0.736,0.988,0.180,0.800,0.987
0.828,0.872,0.813,0.817,0.815,0.161,0.868,0.288,0.986,0.949
0.481,0.117,0.109,0.133,0.566,0.967,0.081,0.625,0.832,0.260
0.586,0.858,0.321,0.274,0.477,0.026,0.104,0.577,0.389,0.184
0.133,0.986,0.526,0.112,0.142,0.116,0.417,0.219,0.083,0.958
0.354,0.847,0.011,0.023,0.231,0.151,0.383,0.907,0.227,0.372
0.736,0.799,0.056,0.963,0.949,0.587,0.865,0.359,0.176,0.873
0.213,0.048,0.982,0.543,0.587,0.337,0.593,0.084,0.430,0.508
0.428,0.451,0.589,0.837,0.749,0.004,0.382,0.544,0.957,0.412
0.376,0.598,0.720,0.534,0.247,0.023,0.063,0.351,0.338,0.741
0.468,0.992,0.670,0.243,0.198,0.427,0.553,0.175,0.064,0.709
0.800,0.627,0.221,0.111,0.077,0.860,0.767,0.537,0.972,0.497
0.658,0.756,0.392,0.513,0.814,0.472,0.736,0.128,0.571,0.282
0.945,0.047,0.862,0.207,0.895,0.298,0.155,0.556,0.859,0.180
0.373,0.877,0.922,0.585,0.961,0.503,0.526,0.103,0.738,0.352
0.890,0.992,0.623,0.610,0.887,0.782,0.488,0.423,0.252,0.768
0.955,0.954,0.357,0.927,0.216,0.261,0.398,0.843,0.338,0.771
0.971,0.115,0.445,0.082,0.985,0.350,0.952,0.844,0.247,0.421
0.439,0.291,0.177,0.162,0.178,0.647,0.699,0.192,0.283,0.707
0.396,0.840,0.693,0.679,0.778,0.265,0.686,0.520,0.033,0.432
0.519,0.613,0.762,0.695,0.335,0.580,0.704,0.325,0.811,0.257
0.384,0.835,0.441,0.976,0.488,0.644,0.433,0.789,0.434,0.602
0.852,0.917,0.387,0.591,0.502,0.341,0.242,0.988,0.020,0.321
0.899,0.458,0.935,0.183,0.574,0.626,0.575,0.881,0.269,0.493
0.218,0.043,0.062,0.406,0.782,0.845,0.851,0.107,0.550,0.277
0.847,0.378,0.821,0.281,0.859,0.638,0.310,0.388,0.409,0.492
0.629,0.906,0.392,0.430,0.380,0.412,0.400,0.429,0.013,0.886
0.476,0.187,0.470,0.352,0.801,0.377,0.253,0.834,0.295,0.309
0.499,0.836,0.623,0.661,0.673,0.194,0.361,0.124,0.941,0.762
0.193,0.520,0.518,0.737,0.284,0.488,0.703,0.534,0.027,0.125
0.402,0.502,0.983,0.538,0.825,0.612,0.985,0.072,0.249,0.939
0.175,0.996,0.529,0.928,0.599,0.769,0.031,0.058,0.770,0.459
0.706,0.001,0.212,0.007,0.994,0.178,0.005,0.811,0.530,0.394
0.151,0.223,0.231,0.331,0.251,0.057,0.596,0.130,0.162,0.136
0.060,0.263,0.311,0.118,0.260,0.277,0.877,0.164,0.146,0.085
0.471,0.103,0.129,0.311,0.581,0.596,0.405,0.463,0.069,0.080
0.217,0.284,0.425,0.808,0.648,0.117,0.685,0.823,0.006,0.525
0.037,0.039,0.919,0.375,0.438,0.122,0.838,0.598,0.197,0.077
0.240,0.556,0.021,0.343,0.377,0.541,0.117,0.409,0.708,0.733
0.775,0.179,0.823,0.751,0.016,0.387,0.884,0.083,0.435,0.582
0.994,0.746,0.432,0.642,0.260,0.772,0.817,0.515,0.422,0.580
0.943,0.003,0.432,0.224,0.275,0.970,0.483,0.546,0.549,0.995
0.970,0.251,0.250,0.671,0.693,0.199,0.744,0.911,0.274,0.797
0.474,0.258,0.603,0.587,0.065,0.960,0.708,0.053,0.552,0.688
0.298,0.702,0.970,0.269,0.817,0.968,0.234,0.236,0.709,0.009
0.223,0.801,0.605,0.506,0.486,0.660,0.518,0.880,0.848,0.290
0.176,0.189,0.754,0.794,0.189,0.628,0.501,0.730,0.988,0.522
0.153,0.625,0.703,0.319,0.524,0.127,0.536,0.668,0.337,0.568
0.999,0.630,0.913,0.451,0.328,0.860,0.637,0.558,0.384,0.215
0.794,0.960,0.268,0.471,0.943,0.700,0.671,0.803,0.442,0.065
0.175,0.875,0.641,0.465,0.340,0.252,0.139,0.335,0.302,0.611
0.942,0.052,0.213,0.427,0.107,0.133,0.512,0.811,0.961,0.154
0.459,0.016,0.090,0.785,0.726,0.954,0.552,0.503,0.734,0.467
0.550,0.309,0.839,0.634,0.594,0.058,0.050,0.369,0.840,0.340
0.121,0.476,0.850,0.306,0.889,0.421,0.193,0.486,0.570,0.835
0.267,0.111,0.915,0.210,0.036,0.600,0.307,0.383,0.029,0.397
0.998,0.295,0.127,0.972,0.640,0.838,0.964,0.790,0.898,0.740
0.900,0.239,0.194,0.185,0.378,0.304,0.680,0.781,0.070,0.592
0.674,0.210,0.376,0.541,0.123,0.339,0.461,0.525,0.008,0.108
0.375,0.121,0.522,0.725,0.442,0.743,0.134,0.647,0.065,0.081
0.407,0.941,0.007,0.540,0.132,0.603,0.705,0.044,0.133,0.202
0.663,0.371,0.927,0.607,0.623,0.982,0.203,0.992,0.941,0.656
0.412,0.181,0.609,0.905,0.530,0.587,0.072,0.987,0.726,0.793
0.782,0.118,0.270,0.407,0.500,0.432,0.338,0.087,0.404,0.968
0.355,0.771,0.094,0.090,0.290,0.901,0.014,0.452,0.123,0.994
0.414,0.014,0.970,0.616,0.197,0.019,0.230,0.864,0.281,0.388
0.185,0.621,0.208,0.736,0.868,0.743,0.135,0.142,0.197,0.957
0.721,0.607,0.173,0.349,0.733,0.897,0.973,0.015,0.633,0.945
0.839,0.281,0.925,0.634,0.640,0.449,0.734,0.757,0.790,0.785
0.788,0.767,0.722,0.632,0.819,0.641,0.945,0.754,0.207,0.872
0.431,0.114,0.632,0.608,0.585,0.140,0.589,0.951,0.655,0.225
0.910,0.109,0.873,0.719,0.024,0.037,0.313,0.691,0.413,0.796
0.685,0.400,0.236,0.078,0.601,0.386,0.090,0.264,0.804,0.610
0.992,0.343,0.718,0.145,0.609,0.546,0.194,0.378,0.563,0.365
0.861,0.086,0.739,0.238,0.343,0.925,0.515,0.930,0.981,0.170
0.506,0.080,0.344,0.086,0.885,0.146,0.869,0.771,0.824,0.979
0.372,0.532,0.241,0.167,0.933,0.842,0.809,0.837,0.002,0.063
0.746,0.717,0.189,0.758,0.347,0.645,0.744,0.827,0.047,0.820
0.700,0.296,0.806,0.487,0.731,0.033,0.523,0.376,0.767,0.024
0.439,0.261,0.189,0.246,0.512,0.233,0.446,0.105,0.457,0.873
0.262,0.220,0.007,0.634,0.933,0.506,0.065,0.450,0.494,0.180
0.323,0.239,0.504,0.206,0.420,0.370,0.567,0.096,0.139,0.786
0.208,0.072,0.987,0.001,0.730,0.375,0.175,0.126,0.022,0.521
0.049,0.306,0.343,0.763,0.128,0.479,0.753,0.619,0.564,0.591
0.128,0.933,0.231,0.727,0.994,0.287,0.731,0.156,0.058,0.047
0.834,0.202,0.251,0.338,0.018,0.568,0.031,0.309,0.355,0.323
0.558,0.353,0.768,0.404,0.745,0.584,0.085,0.364,0.595,0.454
0.132,0.211,0.890,0.143,0.521,0.715,0.945,0.183,0.664,0.375
0.036,0.761,0.550,0.465,0.798,0.854,0.880,0.287,0.607,0.332
0.906,0.735,0.979,0.308,0.711,0.844,0.888,0.724,0.519,0.551
0.693,0.739,0.234,0.785,0.103,0.651,0.688,0.521,0.083,0.130
0.011,0.529,0.666,0.729,0.975,0.956,0.787,0.256,0.269,0.987
0.151,0.205,0.198,0.423,0.300,0.639,0.590,0.617,0.887,0.678
0.787,0.661,0.406,0.941,0.122,0.154,0.151,0.794,0.263,0.137
0.893,0.753,0.784,0.745,0.918,0.377,0.559,0.727,0.514,0.163
0.456,0.799,0.944,0.528,0.946,0.782,0.021,0.629,0.673,0.878
0.720,0.171,0.721,0.654,0.047,0.685,0.174,0.216,0.194,0.923
0.440,0.727,0.604,0.814,0.215,0.374,0.774,0.425,0.042,0.116
0.446,0.089,0.964,0.598,0.014,0.427,0.418,0.346,0.495,0.858
0.183,0.333,0.968,0.173,0.525,0.635,0.524,0.176,0.009,0.322
0.584,0.647,0.254,0.105,0.032,0.525,0.159,0.819,0.585,0.369
0.436,0.348,0.107,0.428,0.984,0.529,0.068,0.729,0.074,0.539
0.463,0.743,0.806,0.435,0.640,0.162,0.996,0.019,0.481,0.100
0.653,0.840,0.006,0.490,0.533,0.413,0.286,0.779,0.368,0.222
0.329,0.831,0.754,0.838,0.868,0.869,0.756,0.627,0.777,0.008
0.619,0.856,0.819,0.234,0.689,0.647,0.453,0.339,0.975,0.660
0.027,0.711,0.513,0.948,0.143,0.242,0.211,0.301,0.880,0.072
0.317,0.715,0.635,0.287,0.213,0.695,0.825,0.382,0.163,0.998
0.119,0.416,0.151,0.337,0.414,0.803,0.927,0.217,0.955,0.409
0.718,0.783,0.716,0.821,0.586,0.576,0.595,0.080,0.504,0.081
0.216,0.614,0.054,0.683,0.153,0.687,0.200,0.944,0.134,0.938
0.950,0.879,0.568,0.713,0.629,0.847,0.981,0.968,0.997,0.140
0.633,0.572,0.677,0.278,0.719,0.895,0.598,0.641,0.370,0.701
0.710,0.113,0.701,0.272,0.541,0.071,0.199,0.166,0.350,0.376
0.798,0.039,0.890,0.779,0.807,0.579,0.790,0.991,0.442,0.849
0.435,0.227,0.367,0.884,0.417,0.020,0.603,0.699,0.253,0.276
0.459,0.435,0.806,0.396,0.473,0.490,0.724,0.411,0.736,0.466
0.257,0.114,0.689,0.868,0.968,0.619,0.839,0.765,0.827,0.951
0.086,0.465,0.225,0.039,0.585,0.747,0.881,0.256,0.023,0.668
0.399,0.856,0.190,0.682,0.231,0.904,0.726,0.144,0.159,0.005
0.033,0.767,0.642,0.293,0.825,0.932,0.774,0.515,0.370,0.666
0.419,0.056,0.798,0.277,0.037,0.877,0.029,0.400,0.402,0.016
0.955,0.429,0.506,0.532,0.294,0.928,0.919,0.475,0.022,0.260
0.039,0.685,0.877,0.673,0.887,0.496,0.734,0.832,0.877,0.586
0.189,0.423,0.703,0.866,0.481,0.106,0.523,0.989,0.117,0.217
0.019,0.744,0.976,0.772,0.040,0.647,0.350,0.028,0.762,0.718
0.599,0.825,0.415,0.310,0.373,0.971,0.827,0.097,0.685,0.005
0.436,0.124,0.750,0.368,0.431,0.311,0.740,0.849,0.179,0.282
0.913,0.746,0.449,0.940,0.716,0.840,0.825,0.097,0.784,0.441
0.635,0.138,0.926,0.399,0.441,0.271,0.066,0.133,0.753,0.206
0.591,0.799,0.066,0.346,0.191,0.711,0.842,0.089,0.913,0.128
0.476,0.770,0.439,0.601,0.236,0.910,0.318,0.286,0.648,0.271
0.766,0.559,0.117,0.928,0.919,0.382,0.058,0.833,0.985,0.966
0.990,0.187,0.775,0.736,0.768,0.588,0.667,0.603,0.919,0.364
0.081,0.812,0.389,0.458,0.547,0.268,0.496,0.385,0.536,0.125
0.838,0.737,0.600,0.481,0.489,0.030,0.077,0.743,0.386,0.127
0.286,0.184,0.913,0.510,0.246,0.932,0.126,0.024,0.328,0.084
0.385,0.473,0.744,0.762,0.573,0.360,0.821,0.724,0.249,0.974
0.220,0.400,0.740,0.280,0.811,0.227,0.922,0.149,0.555,0.915
0.496,0.774,0.706,0.582,0.682,0.213,0.637,0.195,0.909,0.839
0.757,0.397,0.171,0.582,0.827,0.092,0.400,0.292,0.455,0.718
0.139,1.000,0.281,0.370,0.412,0.732,0.208,0.032,0.571,0.098
0.477,0.714,0.371,0.304,0.875,0.446,0.825,0.751,0.235,0.106
0.667,0.887,0.534,0.064,0.355,0.966,0.636,0.024,0.782,0.595
0.506,0.498,0.483,0.219,0.280,0.380,0.259,0.129,0.786,0.189
0.950,0.358,0.959,0.658,0.797,0.953,0.903,0.633,0.365,0.996
0.879,0.930,0.672,0.950,0.138,0.380,0.993,0.180,0.408,0.268
0.022,0.650,0.601,0.501,0.477,0.387,0.191,0.117,0.695,0.594
0.637,0.812,0.636,0.083,0.772,0.633,0.284,0.745,0.376,0.150
0.828,0.036,0.402,0.103,0.625,0.074,0.209,0.552,0.605,0.406
0.291,0.876,0.762,0.438,0.386,0.673,0.917,0.681,0.699,0.889
0.005,0.335,0.150,0.059,0.659,0.915,0.439,0.053,0.305,0.588
0.433,0.593,0.029,0.841,0.293,0.270,0.810,0.284,0.281,0.208
0.968,0.864,0.561,0.863,0.106,0.197,0.001,0.404,0.402,0.998
0.308,0.140,0.732,0.348,0.094,0.511,0.430,0.889,0.823,0.070
0.606,0.741,0.539,0.004,0.251,0.218,0.238,0.239,0.712,0.688
0.103,0.943,0.428,0.283,0.224,0.822,0.159,0.334,0.170,0.965
0.213,0.075,0.074,0.118,0.600,0.434,0.909,0.626,0.384,0.442
0.009,0.596,0.095,0.398,0.651,0.027,0.254,0.335,0.308,0.978
0.388,0.560,0.658,0.338,0.171,0.412,0.297,0.081,0.636,0.656
0.644,0.560,0.969,0.022,0.187,0.511,0.209,0.868,0.572,0.560
0.117,0.593,0.902,0.438,0.366,0.563,0.516,0.866,0.389,0.999
0.633,0.094,0.581,0.093,0.712,0.897,0.361,0.933,0.275,0.760
0.736,0.794,0.145,0.852,0.530,0.748,0.243,0.424,0.527,0.442
0.207,0.181,0.162,0.638,0.278,0.808,0.376,0.264,0.091,0.782
0.746,0.972,0.627,0.490,0.258,0.280,0.673,0.203,0.014,0.458
0.174,0.852,0.376,0.740,0.395,0.311,0.026,0.624,0.306,0.816
0.435,0.127,0.437,0.154,0.047,0.723,0.514,0.623,0.197,0.740
0.279,0.253,0.206,0.085,0.823,0.035,0.545,0.280,0.933,0.305
0.710,0.507,0.310,0.863,0.976,0.051,0.521,0.824,0.497,0.717
0.503,0.976,0.429,0.833,0.981,0.506,0.840,0.536,0.713,0.459
0.545,0.204,0.234,0.572,0.824,0.593,0.604,0.221,0.299,0.138
0.339,0.471,0.079,0.951,0.337,0.898,0.344,0.426,0.492,0.701
0.647,0.122,0.692,0.570,0.347,0.038,0.147,0.688,0.585,0.588
0.191,0.196,0.166,0.864,0.893,0.818,0.097,0.679,0.737,0.809
0.939,0.119,0.404,0.731,0.157,0.152,0.110,0.163,0.726,0.934
0.911,0.927,0.382,0.406,0.096,0.065,0.106,0.031,0.431,0.043
0.538,0.128,0.507,0.617,0.263,0.630,0.672,0.724,0.553,0.987
0.408,0.929,0.844,0.396,0.554,0.994,0.746,0.657,0.849,0.688
0.878,0.075,0.299,0.154,0.822,0.867,0.810,0.366,0.254,0.637
0.932,0.475,0.365,0.452,0.877,0.283,0.711,0.610,0.421,0.312
0.880,0.551,0.286,0.009,0.360,0.241,0.167,0.603,0.518,0.383
0.863,0.297,0.802,0.561,0.261,0.002,0.673,0.562,0.056,0.337
0.493,0.536,0.743,0.133,0.044,0.684,0.063,0.338,0.127,0.690
0.564,0.882,0.479,0.113,0.148,0.502,0.656,0.752,0.846,0.904
0.439,0.688,0.773,0.904,0.660,0.939,0.827,0.813,0.799,0.044
0.315,0.715,0.322,0.960,0.632,0.956,0.723,0.204,0.972,0.319
0.503,0.409,0.522,0.036,0.107,0.961,0.874,0.880,0.404,0.653
0.375,0.581,0.886,0.585,0.146,0.737,0.532,0.015,0.789,0.037
0.868,0.423,0.226,0.369,0.782,0.746,0.988,0.508,0.979,0.871
0.357,0.162,0.715,0.855,0.570,0.016,0.220,0.603,0.204,0.198
0.067,0.848,0.696,0.100,0.561,0.558,0.042,0.704,0.189,0.937
0.361,0.148,0.993,0.080,0.335,0.849,0.201,0.590,0.933,0.025
0.970,0.143,0.161,0.994,0.291,0.217,0.062,0.780,0.144,0.773
0.888,0.887,0.549,0.889,0.641,0.857,0.475,0.317,0.248,0.254
0.673,0.945,0.847,0.286,0.762,0.205,0.145,0.376,0.573,0.189
0.435,0.147,0.404,0.990,0.992,0.008,0.285,0.629,0.013,0.388
0.958,0.753,0.822,0.512,0.929,0.092,0.040,0.560,0.237,0.920
0.139,0.831,0.744,0.525,0.950,0.127,0.354,0.735,0.985,0.730
0.592,0.700,0.360,0.087,0.930,0.846,0.923,0.268,0.817,0.021
0.991,0.459,0.536,0.087,0.512,0.366,0.637,0.065,0.428,0.319
0.024,0.950,0.983,0.832,0.410,0.291,0.388,0.672,0.131,0.208
0.139,0.545,0.224,0.342,0.202,0.600,0.971,0.939,0.706,0.010
0.565,0.163,0.207,0.649,0.866,0.503,0.629,0.025,0.070,0.234
0.252,0.148,0.333,0.461,0.143,0.995,0.338,0.994,0.553,0.384
0.241,0.045,0.398,0.535,0.986,0.447,0.832,0.925,0.590,0.002
0.121,0.551,0.571,0.103,0.867,0.906,0.580,0.174,0.265,0.714
0.479,0.456,0.127,0.469,0.530,0.142,0.264,0.769,0.639,0.084
0.794,0.737,0.362,0.002,0.591,0.497,0.792,0.795,0.200,0.497
0.793,0.610,0.330,0.456,0.390,0.571,0.299,0.487,0.355,0.805
0.290,0.291,0.296,0.699,0.031,0.729,0.668,0.595,0.415,0.887
0.730,0.067,0.555,0.180,0.463,0.199,0.887,0.726,0.026,0.699
0.351,0.646,0.940,0.234,0.950,0.062,0.719,0.175,0.863,0.984
0.036,0.903,0.108,0.327,0.621,0.635,0.894,0.239,0.913,0.155
0.979,0.365,0.619,0.463,0.754,0.900,0.086,0.365,0.091,0.611
0.048,0.836,0.384,0.611,0.286,0.139,0.688,0.031,0.666,0.275
0.657,0.057,0.628,0.497,0.436,0.864,0.483,0.111,0.679,0.315
0.461,0.885,0.583,0.203,0.397,0.487,0.233,0.825,0.868,0.688
0.842,0.415,0.265,0.654,0.513,0.796,0.794,0.917,0.374,0.789
0.387,0.914,0.611,0.034,0.029,0.199,0.795,0.255,0.537,0.971
0.360,0.411,0.856,0.392,0.208,0.727,0.164,0.335,0.213,0.514
0.696,0.180,0.357,0.953,0.215,0.276,0.111,0.389,0.188,0.007
0.883,0.557,0.220,0.960,0.313,0.685,0.153,0.661,0.264,0.579
0.023,0.860,0.484,0.586,0.717,0.311,0.524,0.201,0.965,0.768
0.249,0.555,0.803,0.041,0.413,0.707,0.694,0.422,0.428,0.797
0.757,0.276,0.708,0.189,0.663,0.447,0.537,0.405,0.356,0.721
0.315,0.353,0.420,0.560,0.143,0.271,0.633,0.346,0.505,0.430
0.881,0.515,0.671,0.401,0.698,0.346,0.827,0.097,0.135,0.284
0.825,0.118,0.916,0.444,0.753,0.584,0.338,0.617,0.186,0.308
0.134,0.301,0.488,0.668,0.105,0.245,0.081,0.437,0.850,0.260
0.790,0.300,0.278,0.389,0.161,0.299,0.269,0.756,0.374,0.223
0.604,0.209,0.400,0.357,0.912,0.357,0.767,0.944,0.977,0.576
0.066,0.147,0.613,0.520,0.281,0.596,0.550,0.950,0.220,0.876
0.117,0.822,0.708,0.018,0.065,0.160,0.820,0.861,0.072,0.766
0.679,0.356,0.009,0.370,0.138,0.989,0.216,0.816,0.451,0.522
0.650,0.142,0.571,0.141,0.284,0.898,0.535,0.302,0.225,0.378
0.642,0.409,0.077,0.142,0.941,0.752,0.012,0.718,0.757,0.754
0.016,0.744,0.549,0.476,0.124,0.630,0.104,0.618,0.756,0.001
0.122,0.464,0.368,0.604,0.769,0.488,0.917,0.397,0.592,0.176
0.233,0.418,0.117,0.279,0.464,0.062,0.123,0.400,0.870,0.129
0.780,0.800,0.601,0.711,0.647,0.952,0.129,0.436,0.411,0.349
0.261,0.909,0.694,0.717,0.458,0.323,0.070,0.775,0.550,0.280
0.276,0.066,0.882,0.805,0.491,0.013,0.985,0.993,0.926,0.302
0.722,0.916,0.442,0.789,0.549,0.696,0.568,0.086,0.734,0.230
0.716,0.607,0.305,0.586,0.005,0.032,0.778,0.525,0.763,0.361
0.930,0.373,0.548,0.061,0.566,0.356,0.981,0.130,0.750,0.839
0.161,0.081,0.251,0.173,0.975,0.217,0.921,0.724,0.983,0.511
0.382,0.301,0.954,0.513,0.206,0.312,0.801,0.171,0.042,0.277
0.257,0.251,0.181,0.594,0.180,0.042,0.019,0.662,0.507,0.570
0.552,0.478,0.357,0.785,0.999,0.255,0.000,0.817,0.201,0.379
0.710,0.967,0.459,0.385,0.737,0.074,0.857,0.596,0.299,0.750
0.932,0.130,0.979,0.392,0.766,0.259,0.654,0.986,0.979,0.879
0.915,0.804,0.834,0.419,0.381,0.265,0.286,0.408,0.197,0.405
0.275,0.856,0.138,0.484,0.834,0.200,0.249,0.154,0.578,0.209
0.353,0.641,0.638,0.460,0.538,0.550,0.855,0.346,0.144,0.664
0.020,0.940,0.024,0.217,0.850,0.304,0.506,0.402,0.545,0.010
0.025,0.968,0.418,0.054,0.654,0.819,0.699,0.881,0.335,0.406
0.331,0.111,0.819,0.905,0.887,0.604,0.138,0.337,0.062,0.292
0.697,0.442,0.734,0.607,0.660,0.494,0.852,0.283,0.998,0.062
0.200,0.902,0.392,0.882,0.829,0.554,0.503,0.837,0.207,0.154
0.087,0.653,0.588,0.939,0.870,0.969,0.502,0.606,0.529,0.422
0.365,0.162,0.495,0.537,0.525,0.106,0.469,0.171,0.829,0.146
0.133,0.210,0.500,0.923,0.122,0.535,0.886,0.868,0.206,0.053
0.554,0.896,0.739,0.380,0.134,0.788,0.849,0.597,0.363,0.236
0.217,0.005,0.184,0.839,0.060,0.382,0.909,0.537,0.428,0.770
0.797,0.184,0.616,0.437,0.237,0.406,0.268,0.040,0.876,0.426
0.803,0.830,0.514,0.650,0.316,0.760,0.776,0.108,0.128,0.499
0.987,0.405,0.313,0.203,0.729,0.159,0.351,0.181,0.813,0.424
0.915,0.415,0.544,0.210,0.125,0.767,0.675,0.290,0.034,0.681
0.497,0.907,0.045,0.285,0.783,0.523,0.921,0.197,0.537,0.735
0.936,0.770,0.920,0.210,0.577,0.748,0.637,0.056,0.566,0.456
0.557,0.574,0.773,0.522,0.225,0.231,0.462,0.895,0.763,0.643
0.758,0.838,0.648,0.903,0.457,0.819,0.991,0.981,0.888,0.328
0.161,0.115,0.553,0.931,0.087,0.962,0.201,0.948,0.013,0.061
0.186,0.368,0.315,0.462,0.011,0.659,0.412,0.007,0.837,0.277
0.134,0.699,0.815,0.355,0.954,0.044,0.106,0.923,0.403,0.097
0.748,0.619,0.987,0.106,0.829,0.722,0.986,0.141,0.685,0.395
0.954,0.726,0.530,0.181,0.881,0.681,0.789,0.097,0.905,0.958
0.625,0.795,0.738,0.632,0.369,0.739,0.850,0.127,0.624,0.834
0.821,0.427,0.967,0.209,0.186,0.998,0.963,0.962,0.368,0.850
0.018,0.685,0.669,0.926,0.302,0.978,0.744,0.592,0.251,0.563
0.623,0.145,0.493,0.688,0.803,0.686,0.699,0.641,0.599,0.239
0.855,0.382,0.354,0.819,0.313,0.450,0.018,0.096,0.600,0.598
0.829,0.577,0.955,0.334,0.162,0.485,0.739,0.915,0.662,0.871
0.411,0.808,0.048,0.561,0.248,0.549,0.413,0.456,0.062,0.166
0.877,0.803,0.760,0.698,0.845,0.914,0.850,0.793,0.303,0.796
0.894,0.350,0.599,0.040,0.341,0.864,0.674,0.778,0.678,0.096
0.617,0.874,0.458,0.354,0.299,0.772,0.380,0.528,0.922,0.459
0.144,0.991,0.905,0.973,0.298,0.970,0.821,0.502,0.444,0.403
0.494,0.988,0.219,0.051,0.703,0.621,0.672,0.254,0.051,0.273
0.750,0.452,0.452,0.328,0.604,0.928,0.379,0.327,0.020,0.624
0.182,0.139,0.479,0.347,0.271,0.318,0.498,0.937,0.943,0.225
0.282,0.379,0.689,0.330,0.571,0.849,0.775,0.783,0.618,0.014
0.172,0.321,0.455,0.990,0.536,0.806,0.497,0.263,0.253,0.815
0.258,0.928,0.405,0.012,0.743,0.848,0.640,0.545,0.846,0.907
0.879,0.641,0.381,0.408,1.000,0.329,0.221,0.379,0.970,0.641
0.901,0.889,0.098,0.970,0.771,0.902,0.400,0.196,0.314,0.820
0.678,0.461,0.731,0.114,0.422,0.086,0.852,0.483,0.387,0.179
0.800,0.303,0.906,0.810,0.407,0.469,0.089,0.160,0.405,0.184
0.791,0.972,0.021,0.558,0.564,0.467,0.266,0.094,0.116,0.179
0.328,0.723,0.974,0.353,0.007,0.665,0.078,0.042,0.274,0.545
0.296,0.427,0.418,0.341,0.861,0.325,0.533,0.758,0.414,0.244
0.230,0.766,0.696,0.714,0.440,0.478,0.502,0.953,0.377,0.013
0.047,0.615,0.157,0.007,0.176,0.059,0.413,0.316,0.054,0.032
0.738,0.959,0.880,0.664,0.723,0.278,0.684,0.383,0.351,0.880
0.979,0.589,0.761,0.997,0.156,0.755,0.504,0.842,0.346,0.112
0.026,0.476,0.372,0.656,0.256,0.222,0.332,0.295,0.556,0.156
0.124,0.575,0.577,0.217,0.107,0.725,0.203,0.359,0.091,0.370
0.720,0.057,0.857,0.955,0.972,0.453,0.302,0.046,0.527,0.290
0.548,0.072,0.494,0.030,0.284,0.656,0.271,0.063,0.313,0.183
0.831,0.845,0.349,0.512,0.881,0.475,0.624,0.118,0.617,0.975
0.800,0.139,0.056,0.385,0.774,0.151,0.272,0.357,0.230,0.260
0.129,0.483,0.942,0.397,0.247,0.267,0.460,0.661,0.765,0.653
0.498,0.454,0.804,0.182,0.700,0.598,0.988,0.371,0.766,0.736
0.135,0.327,0.025,0.137,0.394,0.832,0.037,0.229,0.811,0.443
0.624,0.346,0.096,0.798,0.516,0.026,0.729,0.105,0.012,0.543
0.239,0.763,0.749,0.709,0.720,0.631,0.420,0.060,0.276,0.331
0.094,0.379,0.775,0.912,0.333,0.412,0.050,0.324,0.187,0.454
0.380,0.153,0.401,0.349,0.555,0.940,0.254,0.571,0.017,0.395
0.115,0.405,0.695,0.350,0.978,0.483,0.523,0.167,0.466,0.381
0.652,0.141,0.513,0.373,0.094,0.222,0.441,0.151,0.750,0.328
0.876,0.869,0.043,0.530,0.108,0.213,0.594,0.860,0.805,0.976
0.919,0.077,0.285,0.370,0.344,0.851,0.747,0.222,0.730,0.954
0.593,0.478,0.774,0.316,0.198,0.771,0.839,0.275,0.073,0.465
0.401,0.692,0.382,0.134,0.842,0.119,0.482,0.353,0.648,0.710
0.320,0.110,0.117,0.652,0.237,0.764,0.895,0.393,0.502,0.066
0.133,0.366,0.488,0.703,0.204,0.615,0.519,0.273,0.516,0.829
0.982,0.433,0.127,0.905,0.749,0.483,0.851,0.636,0.375,0.440
0.573,0.972,0.439,0.695,0.402,0.425,0.283,0.901,0.774,0.320
0.783,0.817,0.963,0.579,0.906,0.616,0.028,0.370,0.215,0.556
0.361,0.635,0.277,0.543,0.142,0.053,0.296,0.692,0.613,0.684
0.664,0.996,0.533,0.530,0.013,0.014,0.538,0.860,0.248,0.931
0.334,0.736,0.310,0.737,0.157,0.780,0.908,0.052,0.799,0.535
0.141,0.857,0.819,0.197,0.484,0.461,0.304,0.325,0.946,0.534
0.942,0.858,0.913,0.648,0.421,0.003,0.658,0.546,0.913,0.626
0.518,0.164,0.512,0.874,0.035,0.978,0.639,0.807,0.663,0.044
0.660,0.691,0.546,0.558,0.856,0.634,0.492,0.253,0.526,0.342
0.813,0.785,0.795,0.643,0.962,0.859,0.895,0.542,0.197,0.500
