4.699,-4.244,4.208,0.522,-0.263,3.850,2.451,-0.776,-1.785,-0.607
-2.412,-3.224,-0.094,-1.630,1.204,3.511,-4.071,-1.195,-1.742,-2.280
-3.726,4.486,-1.817,2.724,-1.355,3.440,4.955,1.328,-0.365,4.208
3.184,1.279,-4.931,-3.063,-4.167,1.654,0.079,3.112,-3.036,3.247
-0.760,0.589,-1.388,3.225,4.870,2.137,4.677,-0.754,-3.620,-0.585
1.858,2.818,-4.334,-1.646,2.150,0.066,-1.807,0.974,2.622,-2.144
3.780,-2.767,-4.553,2.425,3.583,-1.236,3.229,-2.775,-0.973,0.114
3.312,-2.654,-0.691,1.891,2.637,-0.079,-3.741,2.661,2.640,-2.028
-3.068,-2.243,-4.821,0.718,3.384,4.168,-2.596,0.850,1.571,-3.056
3.382,0.088,-3.886,-1.137,-2.061,2.300,-0.915,4.625,1.020,0.794
4.219,-1.632,-2.936,-1.303,-0.834,-3.740,1.636,4.213,3.821,0.727
-4.925,3.151,-1.270,-2.380,0.010,2.451,1.265,4.794,-0.209,4.168
-4.886,-1.735,3.978,3.219,-3.141,4.062,0.089,-2.285,1.602,3.087
4.076,4.271,-3.817,4.640,-1.203,2.675,-0.101,-4.283,-1.095,-3.645
-2.335,2.149,2.340,-3.258,-3.102,-4.790,2.589,2.771,-2.536,-3.554
0.272,0.475,2.935,2.049,3.686,4.516,0.681,4.055,-1.788,-4.659
0.851,3.095,-2.555,2.895,3.373,-4.187,0.260,0.008,-4.020,0.905
-2.696,-1.910,1.611,1.819,3.757,-0.927,-0.072,3.955,4.709,2.814
-2.804,-3.188,3.245,-1.833,-4.239,-3.601,-2.736,4.033,1.003,2.787
-3.753,-0.011,-0.755,-1.268,0.179,2.406,3.302,-3.209,-4.800,0.578
-0.030,0.499,0.920,-1.701,-1.439,2.725,-3.863,-2.118,2.024,-2.345
-1.931,-0.279,3.932,-3.655,2.997,-4.582,2.122,3.522,-3.972,0.470
1.777,-1.389,-4.996,-3.504,-1.361,3.321,2.270,1.899,4.591,-1.167
-2.873,0.999,3.113,-4.486,-4.181,-0.204,3.002,-3.468,0.372,2.979
2.466,1.237,-2.771,1.446,2.860,-2.056,-3.224,1.532,4.115,0.475
-2.227,0.721,-4.918,1.497,-2.142,-4.705,2.540,4.924,-2.099,1.023
4.048,3.392,-2.059,-2.026,0.348,2.687,-1.038,2.378,-4.989,0.102
0.351,-1.698,-4.355,4.954,-4.974,-0.983,-4.804,2.584,3.468,-2.662
4.382,1.419,1.976,2.465,2.231,-1.921,-0.270,-2.299,-1.636,2.268
-1.262,4.933,-2.148,4.818,3.020,-0.744,-3.793,-0.305,1.916,-1.025
3.219,-2.181,3.602,-2.413,-1.613,-2.241,4.111,-4.108,-4.388,0.472
2.858,1.661,3.077,4.796,1.320,-0.152,-0.251,3.197,-3.410,-3.993
1.297,2.388,-4.321,-2.331,-0.153,-3.312,4.174,1.258,4.910,1.315
2.953,1.605,-4.268,0.537,4.011,2.129,-1.738,-4.750,1.662,3.772
-0.744,-0.279,0.640,0.805,-3.849,-1.618,0.917,-4.950,1.969,-3.270
-4.782,-3.729,-4.001,-4.531,3.119,2.753,-0.757,-2.919,-2.009,-1.163
-3.506,-4.906,-4.758,-0.873,2.495,0.229,-1.412,2.871,-3.680,-3.175
-2.208,-3.009,0.871,-4.854,0.949,-3.455,4.756,4.657,-4.676,-0.724
-0.532,0.689,5.000,1.280,0.596,1.559,3.096,4.207,4.663,-0.962
-4.803,-0.997,-0.631,1.589,-1.345,-0.295,0.971,-1.735,-0.652,1.051
3.497,1.318,4.708,3.017,-0.566,2.983,3.080,-1.320,1.798,4.864
-3.042,-0.872,4.685,-2.671,0.063,0.565,2.867,3.293,0.566,-2.040
-0.769,0.006,-3.098,-1.677,-4.032,-4.316,-2.061,-4.330,-0.958,-0.104
1.426,-4.034,4.974,3.095,0.180,-1.300,-3.570,2.867,-2.374,3.505
-2.472,-3.109,3.966,-2.098,1.473,0.876,2.434,4.147,-1.728,-3.630
-1.619,1.949,-0.469,2.444,-2.932,3.079,-0.368,-4.718,-2.667,-1.743
4.239,4.932,-3.003,2.939,-1.322,2.267,-0.771,3.116,1.111,1.845
4.884,-4.630,1.588,2.664,-0.634,-0.601,-1.492,1.465,4.665,-1.752
2.528,-4.468,-3.656,1.750,-3.955,-3.367,-2.598,0.334,-4.589,-0.586
4.444,-1.497,1.809,-1.931,4.714,2.839,-0.920,0.441,3.558,-2.099
1.196,-1.254,1.356,-2.224,4.445,-0.718,3.556,-1.805,-3.081,2.987
1.297,1.715,-4.277,3.869,-1.016,-4.879,1.396,1.823,-1.026,-2.005
-3.438,-2.382,-2.771,-0.292,-3.073,0.716,2.389,3.262,-2.317,0.234
2.786,2.759,-3.268,-2.645,-0.180,-0.553,-0.714,-3.354,0.922,-4.561
0.717,4.354,-4.592,0.016,-0.659,4.326,4.901,-3.804,3.373,-2.393
-1.718,-0.429,4.707,4.144,3.588,-4.639,-4.249,0.560,1.826,4.733
-4.919,-0.100,2.245,4.820,0.184,-1.591,-1.862,-3.351,-1.945,-2.026
3.708,-3.908,-4.037,4.420,-1.768,-3.424,3.863,0.083,-4.132,-4.934
-2.248,-0.521,1.631,-3.302,-4.183,-2.241,0.920,-1.547,2.837,-1.739
0.384,-1.674,2.985,-4.965,-4.934,0.003,3.597,-2.249,-3.443,-0.764
-1.093,-4.847,-1.507,-4.864,-0.822,2.366,-1.652,4.120,1.128,2.888
-0.210,0.804,-0.494,3.928,-0.079,-1.590,-0.583,-3.027,-1.393,-3.703
1.604,-3.815,2.632,2.912,-1.493,-3.880,2.999,-0.994,0.320,0.956
2.103,0.945,0.277,-0.551,2.472,-2.944,-3.925,2.638,1.725,1.179
-0.619,-2.699,3.032,3.389,0.672,-4.001,-2.777,-2.680,0.710,-0.757
0.570,4.430,3.623,2.191,3.023,0.378,2.812,-3.254,3.422,-4.415
-4.785,-0.027,1.412,4.311,4.869,-2.457,3.997,-1.811,-3.758,4.318
-2.506,2.002,3.659,-1.147,-4.516,2.817,1.006,0.815,0.884,2.222
0.306,4.255,2.116,-2.837,2.192,3.819,2.973,2.162,4.155,-1.771
-3.177,4.213,0.747,-2.680,2.382,-0.839,-4.642,2.006,3.421,-1.495
0.616,3.438,3.149,2.569,-3.979,-4.552,2.756,3.832,-1.823,4.987
-3.817,0.160,-3.793,-1.265,2.286,-0.996,-2.847,0.729,-4.262,4.415
3.024,-2.576,0.953,4.063,-2.409,1.386,2.675,1.308,2.539,-3.839
2.180,0.629,-2.970,2.442,4.276,2.822,-2.918,1.701,-4.309,-4.938
-4.756,1.521,1.586,-0.598,-1.013,-1.752,3.391,3.598,1.085,-2.473
-2.078,-4.320,-2.138,-0.403,2.634,-0.433,2.310,4.465,4.887,1.188
4.141,2.342,-0.211,2.939,-4.424,-1.152,1.018,-4.895,3.104,-2.197
4.844,-0.811,0.155,0.113,-1.044,-2.547,2.343,2.895,-0.963,3.470
-4.366,3.960,4.186,-3.833,-4.251,3.470,-0.848,0.494,0.914,4.799
-1.104,-3.139,-2.851,-0.060,4.567,-0.854,0.168,2.793,0.830,-2.634
-3.639,-4.764,-2.318,1.213,-0.609,-3.688,4.268,-1.789,-3.586,0.906
0.606,3.010,-1.028,-1.985,-1.239,-0.035,-0.165,-1.796,2.263,1.455
-2.685,4.647,-4.175,-0.838,1.260,1.013,2.265,-4.358,-2.469,-2.976
1.577,2.733,-2.038,3.009,1.011,4.848,4.731,0.166,-4.312,1.824
1.020,0.930,-0.594,-2.756,-0.198,0.259,1.491,2.468,-1.708,-2.824
-0.556,0.271,-3.120,-1.644,-0.050,1.601,-0.344,2.010,1.766,-3.699
1.578,-3.556,-2.846,-3.474,-0.710,1.180,2.379,-0.376,3.851,-1.643
-3.018,2.992,1.621,-0.363,1.532,-3.616,-2.959,-3.657,-3.257,0.307
1.822,3.823,1.497,3.114,4.364,-4.688,0.969,4.720,2.338,0.513
1.898,1.899,1.861,-0.079,1.630,1.734,-1.296,4.179,4.037,2.641
-0.090,1.023,0.194,4.218,4.735,-3.015,4.052,0.521,-0.228,1.584
-3.554,4.873,-3.773,2.705,4.629,2.790,2.137,-1.104,-4.529,0.983
-1.058,0.062,1.280,0.691,3.000,4.308,-1.615,-2.563,-3.580,-4.955
-0.659,-2.537,4.426,2.716,2.905,1.685,1.235,-3.642,4.135,-4.271
1.170,0.379,-2.772,1.973,-4.496,-4.768,-2.987,-4.809,-1.427,2.028
-3.869,4.365,-4.548,1.701,3.218,-0.811,1.504,1.267,1.658,-3.669
-4.172,4.662,-3.281,0.578,-4.015,-1.511,-0.233,4.117,1.167,-4.236
-2.177,3.695,-2.040,1.016,-0.859,0.828,4.650,3.369,-0.424,0.419
4.068,-1.406,-2.898,-1.824,-3.795,2.785,-3.976,-3.608,-4.040,3.975
2.484,0.071,-3.309,1.975,-4.412,1.978,-2.457,-3.912,-4.874,-1.087
2.940,2.820,-2.657,-2.103,2.092,4.334,-2.510,2.365,0.306,4.771
1.631,-4.608,4.947,-1.459,1.064,-4.868,-0.775,3.919,-1.240,1.054
3.553,-1.863,4.032,-4.144,2.897,-3.573,1.166,3.965,-4.473,-3.744
-2.988,-3.625,-2.101,2.255,-3.298,-4.984,3.622,-1.797,-2.155,-2.928
-0.026,3.125,1.964,-4.970,-0.699,2.515,-4.137,2.209,1.167,-2.189
-4.681,1.701,3.420,-3.353,-0.774,-4.599,4.467,1.479,-3.049,3.143
-1.637,4.062,0.840,4.405,0.570,-1.821,-0.999,-4.138,3.351,3.037
-3.397,0.411,3.172,2.870,1.139,0.328,-4.267,-2.620,-0.985,1.700
1.221,-0.464,-0.965,2.854,4.090,-1.289,2.843,4.209,0.345,1.739
-1.534,1.165,-0.616,-1.840,2.415,-1.635,-3.604,-3.739,3.862,-4.290
-3.047,-4.925,3.457,3.866,-0.856,1.124,-2.466,4.904,2.785,-4.267
0.006,4.066,-2.111,2.571,-3.490,0.633,-0.916,3.829,3.507,0.215
1.319,3.268,-2.719,3.007,1.354,0.497,2.094,-1.453,-3.104,4.880
-1.145,-4.565,-2.567,4.049,4.741,3.860,-0.326,0.867,-3.061,4.350
4.367,-2.117,3.152,-4.881,3.222,-4.538,-0.389,-0.190,4.117,-1.758
1.420,-3.620,1.478,-4.920,4.860,1.968,-4.162,-2.452,-3.892,3.803
3.867,-1.326,-3.664,3.849,-0.121,-4.620,-1.575,-4.254,3.953,-3.069
-2.304,-1.731,2.919,-2.342,3.697,4.497,2.252,-4.139,-4.789,-4.405
-0.096,3.363,-4.859,0.866,0.178,-4.341,3.749,1.064,-4.535,4.768
4.155,3.047,1.727,-4.976,1.991,-0.385,4.757,-4.870,-0.097,3.816
1.391,-0.973,-0.515,1.315,4.804,-2.040,0.298,-0.911,0.754,-1.826
0.600,-0.380,0.069,-2.599,-0.865,-1.810,1.034,-4.920,-2.394,-4.052
0.073,-1.519,4.427,3.804,-1.771,1.192,-1.117,4.029,-3.718,3.094
2.909,-3.877,2.623,2.894,3.417,-0.181,-2.144,-0.902,2.222,-4.391
-3.716,0.975,4.553,0.763,-3.413,-4.304,-4.155,-4.985,-3.595,0.509
-3.463,-3.855,0.742,3.226,-1.535,-3.423,-0.751,4.586,-3.239,0.685
4.634,1.740,4.280,-2.262,-0.148,0.791,-0.625,-3.878,-0.089,0.105
1.823,0.188,3.605,0.479,-0.694,2.326,-1.054,-4.859,-0.156,-4.316
-3.504,-1.819,-0.407,-3.284,4.483,-2.610,-1.481,-0.303,1.459,2.177
-3.854,2.933,4.002,2.083,-1.033,4.551,-0.225,4.037,-3.817,-4.122
-3.564,0.209,-1.619,-0.990,-3.291,1.105,-1.035,-3.684,-0.671,-0.472
2.358,4.457,4.677,-2.388,2.275,1.452,1.728,-2.257,-4.157,2.969
-4.855,2.495,-3.278,4.934,-3.597,-0.161,-4.415,-2.681,-0.005,-3.995
-4.794,-3.406,4.301,-0.010,-2.209,0.491,0.316,1.076,-2.822,0.820
1.036,3.199,-1.471,0.450,-1.080,-2.217,-0.629,3.335,-4.187,3.330
-4.253,0.642,-1.875,3.651,-2.317,1.502,0.979,3.634,-0.524,-2.328
2.705,-3.862,-2.703,-3.080,-3.025,0.930,1.695,-1.111,-1.691,-4.795
-3.267,-2.807,-1.353,-1.063,2.375,-2.199,4.941,2.753,-1.295,-4.605
-4.065,2.290,1.113,3.284,-2.893,-1.278,-3.422,-0.315,2.834,-0.922
-4.566,-1.563,-1.156,2.467,1.499,1.618,0.728,-0.973,3.414,2.903
0.637,-2.446,3.968,3.542,2.513,-1.076,4.745,2.419,-4.651,-2.475
-0.212,1.554,-2.155,-3.740,2.608,4.902,-3.273,-2.316,4.107,-4.295
-2.907,-4.323,-2.180,-1.447,-4.012,2.098,-2.184,-1.655,1.135,-4.877
0.310,1.978,-1.328,-4.042,-1.646,3.921,4.771,4.148,-2.070,-3.120
0.624,4.385,4.323,3.457,3.609,2.344,2.526,2.653,-3.992,4.592
-0.134,4.794,4.959,-3.997,-3.161,2.971,3.399,2.115,1.550,4.525
1.305,-3.911,-3.803,-3.785,1.799,2.570,2.185,-3.147,-4.631,3.107
3.129,0.740,1.623,-4.195,-3.336,-3.893,2.031,-4.931,2.444,-1.051
3.225,4.795,-2.158,2.230,4.074,1.933,4.996,3.303,1.824,2.064
3.355,3.919,4.512,-0.378,2.845,4.526,2.114,-2.855,2.059,1.892
-0.119,4.559,-2.335,-4.855,-4.405,2.683,1.732,-1.483,3.505,-0.673
-0.453,0.784,1.126,-0.024,3.997,0.709,-1.664,4.318,3.118,-1.033
-4.975,3.747,-2.154,-1.450,2.587,-3.777,0.498,4.864,3.579,-4.006
-4.715,0.348,-4.518,-1.459,-0.742,1.605,-3.130,3.609,-4.539,2.624
-4.734,4.503,-3.194,4.797,-4.167,3.563,-2.204,-1.760,3.788,-2.647
-4.725,-4.942,0.381,-3.560,-1.951,4.623,1.465,-4.218,2.529,-3.680
0.342,-4.592,2.192,-0.842,4.146,0.599,2.275,1.803,0.530,-2.238
-3.407,0.765,0.570,3.149,-1.199,-0.258,-4.043,1.803,-0.916,-2.917
0.519,-0.598,-0.651,-2.323,-2.731,3.022,-0.298,-1.599,-2.222,-1.914
1.597,3.762,0.362,2.729,-3.457,3.827,0.709,-0.991,-0.228,4.782
0.434,0.745,4.618,4.393,-1.904,3.397,0.876,-3.149,-3.293,-2.362
-2.109,-3.279,3.441,-3.543,0.446,3.455,1.118,-4.839,-1.083,1.462
-2.640,0.885,0.330,1.157,-4.052,-1.498,-3.950,-1.074,2.322,1.644
0.370,-4.226,1.249,1.546,4.806,1.010,0.002,-1.697,-4.940,-3.472
1.906,-3.112,0.192,-3.446,-4.785,-1.363,-0.255,4.816,0.350,-3.513
-1.089,3.648,-4.237,-3.477,4.544,-0.437,3.713,4.023,-0.101,-1.938
2.610,2.519,3.758,2.038,-3.102,1.733,-0.882,1.007,4.758,-4.966
4.489,-4.516,2.467,-4.040,-4.526,0.609,2.833,-4.729,0.351,-4.314
-4.296,-3.847,0.839,-2.140,4.687,4.165,0.918,-1.558,0.203,-2.174
-3.666,-4.952,0.520,-0.414,-0.317,-3.824,-0.583,3.852,3.767,-2.906
-2.184,-0.333,-0.491,0.776,3.540,-0.111,3.614,4.392,-3.274,2.310
-0.400,-0.117,-4.745,2.036,4.235,4.969,-2.404,4.151,-2.917,-4.801
2.323,-4.603,-0.347,1.197,1.611,-2.849,-3.063,-1.770,-1.327,2.956
1.795,0.498,-3.538,4.364,3.977,2.095,-1.307,4.191,-1.720,-4.023
-3.476,-3.904,-4.100,-0.043,-2.252,-2.510,-4.923,-4.482,-1.832,4.243
1.445,-4.721,3.282,-2.369,2.644,-0.314,0.812,3.014,1.978,-0.378
4.939,1.526,4.190,-1.227,-0.808,-0.616,0.516,-1.149,0.772,-1.542
-4.499,3.529,-3.519,-4.955,4.006,1.315,-3.981,-0.283,2.224,-2.025
-0.673,-4.465,-4.809,0.949,-0.900,-2.637,-3.600,-2.668,-3.424,-3.621
-1.210,3.263,-3.831,-4.197,-3.716,-2.661,4.083,-4.191,-3.287,1.264
3.162,-3.954,-2.961,1.297,2.438,0.363,-0.828,-4.753,-2.179,1.368
-0.103,2.357,-1.269,4.370,4.942,2.397,-1.093,-0.624,-0.027,0.054
4.743,0.328,-3.592,2.301,-1.515,-2.086,0.386,-1.483,4.470,0.106
3.791,2.675,4.492,0.419,4.232,-3.818,-0.086,4.707,2.174,3.656
3.845,-0.964,1.024,-0.826,2.696,1.394,0.282,-3.841,2.527,1.631
-3.207,-0.832,2.481,-2.527,1.357,0.150,0.787,0.010,4.852,-3.104
-1.373,2.958,-2.396,-0.968,4.425,-3.427,0.902,2.005,-3.382,3.021
-0.546,3.893,1.196,-0.628,3.245,-1.826,-0.803,-4.545,-0.713,1.391
0.041,-4.702,-1.491,0.564,-0.143,3.288,-4.511,-2.725,-3.537,-1.560
2.386,1.529,-4.286,-2.795,1.178,3.181,-0.112,0.319,0.487,-0.841
-4.043,4.031,0.341,-2.535,-4.367,-4.904,-2.115,-2.578,-2.869,1.754
3.743,3.700,4.049,-0.684,3.010,2.529,0.527,-3.417,4.770,-2.090
4.841,3.077,-4.315,4.050,1.336,-3.483,-4.900,-4.938,2.602,-1.465
-2.275,2.027,-4.075,-1.364,1.436,4.626,2.477,3.704,2.312,-2.954
3.778,0.383,-1.925,4.666,4.369,-3.298,-1.716,0.131,0.733,-2.452
-3.582,3.624,3.096,-4.796,-3.718,-0.192,3.858,-0.089,1.674,1.087
3.137,0.388,-1.873,1.257,3.842,-2.315,-2.437,1.909,-4.317,3.208
-4.919,1.435,-4.006,4.536,-2.078,-3.088,-0.480,4.608,1.784,0.428
-0.592,-1.752,-3.280,-4.979,4.037,1.498,-1.854,-4.876,1.188,-3.259
4.187,-2.586,4.083,1.479,0.793,1.693,2.929,-3.938,0.720,1.779
-0.030,-3.548,-4.735,4.454,-4.236,0.162,4.511,4.006,3.625,-2.481
1.112,-0.767,4.734,-4.677,-3.665,3.101,4.810,4.851,-2.316,2.901
-4.899,2.946,-2.948,1.593,0.703,1.856,-1.778,2.771,3.391,-1.146
-3.850,0.592,-3.856,-1.693,-0.187,1.639,-3.565,-3.859,-1.284,3.646
4.768,-4.257,-4.773,4.294,-1.162,-1.676,-3.752,-4.323,-0.905,0.950
2.114,-1.306,2.649,3.824,1.539,4.033,-3.862,-2.825,-0.909,-4.980
-0.392,-3.323,-1.016,-2.970,-2.187,1.607,-2.520,-2.817,1.515,2.140
-2.455,4.868,-4.106,4.925,-1.201,-4.250,-0.019,3.151,1.206,2.276
-0.403,-3.578,4.124,-1.603,4.504,-4.761,-4.087,-4.756,-0.168,3.111
2.879,4.034,-0.534,-0.663,-3.349,-3.185,0.783,3.129,3.863,0.538
-1.942,3.120,1.862,0.784,-2.826,2.003,2.464,-2.980,0.115,-3.192
-0.942,1.321,-1.293,4.336,-4.143,-2.794,2.005,2.328,-4.983,-0.454
3.177,1.658,-3.901,4.174,1.944,-3.931,2.381,-1.240,1.915,3.439
2.392,2.204,-4.158,0.954,-3.900,0.920,2.593,2.488,3.233,-4.173
-3.402,-1.360,3.367,2.824,0.571,2.362,-2.152,-1.977,-1.155,0.827
-2.665,2.941,-1.367,2.726,-2.844,4.839,-3.603,2.534,1.798,-3.266
1.455,-4.039,3.380,-3.289,2.355,3.276,-1.329,3.914,2.886,-2.908
-4.283,-1.902,-1.002,0.517,-3.870,-3.288,-0.545,4.090,-2.033,-0.017
2.151,3.490,-0.362,-0.147,-0.871,-1.178,-2.113,2.587,-4.122,3.191
3.800,-1.765,-1.345,3.484,3.231,2.166,-1.473,0.831,4.528,2.739
-3.513,-0.613,-0.217,-1.617,-1.680,4.542,4.955,-4.813,3.761,1.756
3.002,3.412,4.021,0.887,-1.735,-1.527,-4.320,-4.383,-0.767,0.022
-1.260,-4.268,4.677,-4.019,-4.142,-1.184,4.620,-2.627,4.286,-0.041
2.897,-1.489,-4.998,0.277,4.013,-1.463,-3.283,3.239,4.059,1.473
-2.911,-0.451,0.748,3.903,1.947,-0.688,1.062,-2.886,-4.357,1.281
-4.660,3.771,3.224,-1.317,-2.439,-3.694,-3.479,3.940,-1.759,1.764
0.889,-0.599,-0.813,-4.607,3.742,-3.722,-2.058,4.841,-1.766,-0.425
-3.390,-2.391,4.851,-4.121,-3.595,1.869,-2.791,-4.192,1.739,-3.941
2.272,-4.250,0.803,0.617,-0.984,1.095,2.867,-0.069,4.336,-0.181
-4.699,-3.893,1.415,3.034,3.718,-2.783,0.793,3.293,4.606,-2.795
2.057,2.013,0.603,1.031,-4.868,-0.075,2.990,1.749,-3.368,2.845
-2.838,-0.285,1.649,2.390,2.481,-0.636,-4.213,-0.937,4.838,-3.104
-2.305,3.626,-1.508,4.601,-2.605,4.136,-2.833,1.331,0.844,-2.330
-4.319,-0.324,1.695,4.023,3.040,1.145,4.961,-2.198,3.131,-4.466
0.619,2.274,4.218,0.374,-3.040,4.778,-4.303,1.451,3.358,-1.562
0.104,-4.887,-3.706,-1.888,2.996,1.808,-0.850,-1.533,-0.168,4.498
1.096,-2.317,-2.190,-4.972,3.480,4.454,-3.968,-2.922,-3.077,1.307
-4.170,-3.260,0.219,4.876,-3.634,-4.879,4.387,-2.266,4.286,-4.589
1.266,2.056,-3.461,-4.563,-4.562,1.875,1.931,-4.933,-0.602,1.742
2.318,-3.765,0.392,3.016,-4.889,-3.887,-2.259,-1.949,-4.975,2.681
3.338,3.125,-4.812,4.629,-2.759,-4.377,-1.505,2.773,2.994,-4.050
3.648,-1.817,-0.630,-0.642,2.694,-0.843,-2.527,-4.895,2.470,4.116
0.364,4.085,-1.422,-4.388,-1.673,-2.815,2.538,-2.188,3.471,-0.659
-3.527,2.913,3.187,3.649,4.910,-3.642,-0.562,3.886,-3.691,0.398
0.142,-1.363,-0.009,0.092,3.845,-1.797,-4.504,-0.734,-2.296,4.564
2.485,-0.630,-1.321,2.045,2.987,-4.598,0.220,1.359,3.430,0.603
-0.032,-2.110,0.854,-2.453,-0.436,-3.794,2.454,4.971,3.991,-1.072
-4.940,-1.804,-1.727,0.178,-1.364,4.149,-2.161,1.316,1.353,-1.829
-1.232,-2.454,1.952,-0.746,-1.904,0.864,-2.116,-0.769,-0.009,3.925
4.470,-3.271,3.620,-1.462,-0.360,-3.607,4.184,1.403,3.110,-1.193
-2.408,4.900,-4.792,4.599,-1.668,-1.499,0.709,-2.550,2.961,-1.678
3.291,2.447,-2.950,-0.044,4.589,-1.842,4.191,1.416,3.573,-2.642
-2.700,-3.564,3.390,2.795,2.410,3.194,3.692,-3.279,-3.263,-3.319
-1.626,1.065,-4.904,-1.778,2.300,0.632,-1.223,-3.870,-1.180,2.540
-3.451,-1.296,2.022,-3.619,3.276,-4.936,2.994,-2.723,0.359,4.766
4.247,1.865,2.837,-4.136,-1.340,-2.752,3.634,-3.855,2.353,-2.672
4.461,-3.555,-3.863,-1.237,-2.888,2.821,3.025,-4.905,1.409,4.187
3.214,0.551,-4.305,-1.359,3.400,3.453,-1.966,0.760,-2.572,4.560
-1.694,-0.106,4.378,-1.392,-4.496,-4.577,-2.330,4.002,2.635,3.574
0.896,-0.405,1.131,4.495,-4.853,-0.322,1.698,-0.653,1.206,-3.001
3.159,4.435,-3.506,-1.656,4.688,1.018,-0.396,4.618,1.243,-2.880
-3.087,-2.134,1.828,4.884,-1.210,-3.446,3.087,-2.163,0.665,2.177
-3.108,4.624,-2.801,-2.290,0.622,4.872,4.076,0.378,0.719,-0.523
-2.589,-1.524,1.402,1.841,-1.929,-0.781,3.626,2.339,4.072,3.881
0.524,4.038,3.324,2.133,4.313,-4.136,0.569,4.857,-2.374,2.789
0.357,-4.975,0.405,-1.779,0.242,0.399,4.308,4.964,-4.023,-4.563
4.622,-4.593,0.078,-0.847,-1.768,1.824,3.890,-3.164,-4.581,3.513
-1.848,-1.742,-4.466,-2.253,0.566,-4.578,2.070,-3.349,-3.545,-2.276
-3.903,-2.471,2.897,-0.514,4.486,-3.892,0.738,-1.428,1.221,4.111
0.226,-3.135,2.189,-1.920,2.479,-1.641,-4.070,-4.210,3.945,1.603
-0.675,-1.790,-1.187,4.458,-3.374,-4.846,-0.768,-2.816,3.951,2.756
1.516,2.294,4.383,1.980,2.303,4.300,2.820,0.335,-0.485,-1.804
-4.381,-3.359,4.095,0.124,2.565,1.966,2.813,0.492,-2.848,-3.100
0.413,3.115,-2.156,3.852,-2.001,-1.076,4.004,-2.769,0.729,4.435
-2.187,2.596,-3.095,2.641,-2.455,-3.554,-4.279,-3.681,4.895,4.609
-4.844,4.449,3.205,0.462,-4.496,-2.667,-1.089,-3.277,2.655,0.097
4.664,-2.177,3.491,0.570,-4.062,-3.302,-4.358,4.100,-2.911,0.216
3.417,-3.235,1.015,-2.023,-2.764,0.144,0.800,0.179,4.477,1.604
-1.400,0.437,-3.965,3.385,-1.738,-3.608,4.894,-3.889,0.647,1.043
-1.411,2.995,3.733,1.855,0.795,-3.656,-1.339,-2.584,-3.271,-4.264
3.935,-1.213,0.410,1.825,-3.309,-1.485,-1.290,0.741,2.909,3.052
-1.643,-2.341,3.976,4.450,4.348,3.812,0.249,0.254,2.828,-2.298
-0.674,-1.134,4.588,-1.701,-3.833,0.215,-1.373,3.463,-0.791,-4.320
1.346,3.370,3.119,-1.632,-0.652,1.560,2.485,1.749,-3.027,3.049
-0.548,4.148,2.264,-3.487,2.371,3.301,-1.880,0.274,4.760,-0.870
-4.945,-2.169,0.111,0.623,2.661,-0.308,0.781,-3.464,-4.824,-1.337
-2.085,1.412,-3.377,-1.721,0.484,1.583,1.755,-3.543,0.996,1.264
-1.142,-2.016,-0.769,-2.670,4.404,-3.501,1.758,-0.514,0.234,1.287
-3.151,1.390,-1.018,4.705,4.282,-1.756,1.413,-0.242,0.046,4.746
0.771,3.087,-4.704,-0.718,1.362,-0.277,4.849,-0.965,-1.966,-1.171
1.174,0.843,-1.090,-2.084,0.300,0.658,-2.713,-2.976,-1.342,-2.157
3.734,1.742,-1.424,2.803,-2.687,0.571,2.966,-2.173,1.362,0.958
3.395,2.422,-2.709,3.882,1.251,3.886,2.187,2.530,-3.600,-4.448
2.824,-0.242,1.789,3.793,-4.885,4.953,1.169,-3.165,4.433,-1.198
0.362,2.783,1.778,-4.287,-1.005,-0.076,0.060,3.358,2.334,3.240
0.992,-2.546,-4.619,-1.381,4.263,-3.756,1.710,2.322,0.285,-0.898
3.324,-4.138,-1.492,4.712,-2.331,-0.751,4.076,-4.402,0.792,3.510
1.663,-0.271,-0.589,3.674,1.849,-3.344,1.702,4.742,0.524,1.832
2.673,-4.381,-4.737,-3.590,2.841,4.215,-1.222,2.643,-1.840,-2.967
2.267,0.183,2.757,3.320,0.898,4.893,-1.556,-1.251,-3.749,1.602
0.256,-4.891,-4.353,-0.085,4.439,-3.863,-1.515,-4.826,3.844,2.162
-3.799,2.652,1.464,3.913,-3.025,-1.631,2.715,4.951,-4.681,-0.554
-2.061,-0.411,-2.986,-0.666,-0.556,2.670,-2.609,0.686,-1.378,1.885
-1.683,2.286,-1.054,-0.806,1.157,2.645,4.650,1.111,-2.613,3.054
-1.345,-0.797,-2.589,3.981,1.578,-3.803,2.184,4.398,0.360,-3.440
4.312,1.224,0.103,-4.608,-4.264,3.267,2.225,-2.348,2.654,1.628
3.243,-2.323,4.194,-1.210,-1.040,1.216,3.862,3.657,-1.341,-0.852
-4.319,-1.318,1.974,4.081,-1.715,-0.162,3.303,3.332,4.679,0.745
-4.160,-3.836,-0.026,-2.212,-0.287,-1.172,-1.677,-1.686,3.888,-3.553
4.663,-4.420,-4.067,1.358,4.961,-0.865,-2.016,-1.338,4.684,4.139
3.637,2.357,1.260,-2.065,3.818,-2.749,1.089,2.290,1.327,-0.140
3.243,-4.858,-0.386,4.590,4.566,-0.724,-1.145,3.356,2.429,4.207
3.619,-3.483,3.355,-3.561,-0.165,-4.958,-4.693,1.262,4.378,-3.457
-2.101,-4.277,-2.188,0.122,-3.819,-1.082,2.932,1.967,-2.416,-0.171
-3.630,2.808,-4.284,2.049,2.171,3.865,-0.672,4.202,-0.544,4.977
-1.507,-0.190,1.486,-1.883,1.514,-2.577,2.747,2.494,-0.751,-0.713
2.292,-2.750,-1.740,-0.257,3.815,-1.476,-3.175,-1.872,-0.606,0.170
-2.649,4.582,3.113,-2.625,1.256,-0.295,-0.333,-1.518,-4.360,-3.633
-3.324,-2.451,4.482,-2.875,1.365,1.068,0.881,3.125,1.198,2.562
-3.335,0.967,4.202,2.731,3.651,-2.981,-3.806,-3.662,-0.325,0.419
-3.954,2.204,-2.779,3.478,-2.929,3.665,2.204,1.959,1.465,-3.884
-3.914,3.481,-2.959,1.714,-2.629,-3.767,3.172,-3.315,-3.586,-2.751
-4.642,-3.841,4.144,-4.554,3.049,4.555,0.731,0.111,-0.507,4.640
-2.383,-4.395,-0.435,2.223,2.010,1.996,1.944,1.593,0.033,3.140
4.382,-3.345,-1.741,-4.046,1.527,1.255,0.022,-2.944,3.108,1.002
-2.790,-3.766,2.779,-1.599,4.610,-4.903,-2.213,1.284,-3.472,-3.878
-2.137,2.904,-2.997,2.003,2.940,0.803,-4.789,-1.652,1.421,3.755
-4.646,1.823,3.804,-3.209,-1.513,4.460,3.018,2.646,0.935,-4.132
-1.742,-3.887,4.304,2.518,-0.803,4.814,-2.420,-4.470,-1.883,1.686
-1.838,2.915,-1.337,-3.275,-3.928,-1.326,2.273,-1.839,0.300,-4.894
-2.542,1.063,-1.629,3.077,2.169,2.711,4.262,-2.599,-4.805,4.799
4.906,-3.102,-1.317,4.583,1.443,2.442,-4.707,-2.310,-4.009,-0.595
3.719,-4.771,4.332,-1.782,-4.469,-2.412,1.406,4.524,-1.998,2.096
2.401,-0.933,3.013,2.742,2.959,2.845,-1.204,-1.173,-2.462,-2.577
-2.310,-2.742,-3.445,-3.645,2.311,-3.323,4.961,-3.444,3.744,-1.398
2.661,-0.752,0.384,-4.175,4.362,-4.429,-4.055,3.446,-2.821,-0.776
-2.220,2.934,3.349,3.010,-0.850,-0.617,-0.691,2.921,3.242,0.703
-1.689,1.860,4.969,2.267,-0.486,3.459,-2.722,-1.661,-0.984,3.896
-4.454,-2.225,2.811,-1.145,-4.774,1.060,1.015,2.980,-4.844,-4.865
-3.780,4.812,-2.769,0.153,-3.114,2.837,4.820,2.992,-0.280,4.402
-3.187,-0.272,-3.508,-4.384,-4.097,0.378,-3.759,4.544,-1.889,1.107
0.166,4.064,2.373,0.383,-4.349,-4.651,-4.886,0.388,-1.731,2.529
3.182,3.523,2.141,-4.727,-4.574,3.347,1.135,-4.882,3.122,-2.732
-2.423,-1.501,-1.780,2.300,4.311,3.570,-2.726,-2.517,1.676,-2.533
3.817,-0.342,4.877,4.355,3.743,-4.691,0.901,-0.621,0.218,-3.104
-1.991,1.447,3.639,4.872,-2.417,4.030,-1.809,-0.326,-0.037,2.609
-4.868,1.519,-2.388,-2.113,-3.181,-1.722,-4.778,-2.442,3.839,3.476
-1.593,-1.930,0.508,2.109,-3.496,2.033,-4.089,-0.298,-1.822,-4.611
-3.446,3.903,3.074,-3.437,-3.910,-4.781,-2.584,-3.013,-3.723,-0.578
-4.732,2.955,-4.709,-4.185,2.389,0.745,0.978,4.760,-0.452,2.195
1.852,0.572,3.221,1.723,3.445,0.808,2.426,2.463,-1.975,-0.900
0.241,-2.500,-3.141,-3.804,0.374,4.723,-1.364,4.434,1.295,-4.111
4.684,4.946,-1.668,4.106,-3.685,3.679,4.746,4.146,-0.346,3.422
4.258,0.168,3.525,1.820,-4.795,1.739,3.313,-1.148,3.575,1.272
-0.372,2.759,4.757,-0.821,3.796,0.963,4.288,-1.547,-3.218,-2.416
-2.879,0.136,-0.968,0.568,1.257,0.150,-0.116,-3.399,4.868,-3.446
2.775,-0.661,2.204,4.561,0.771,2.506,-1.626,-3.775,-2.987,-2.706
3.007,2.201,-4.948,-0.129,-1.053,-2.101,-2.381,1.816,-2.159,-3.266
-3.165,0.652,0.989,-3.695,4.237,-4.291,-0.800,-0.856,2.713,-0.812
1.737,1.177,1.269,-2.606,0.670,3.858,2.118,-0.712,-0.425,-4.353
2.841,3.147,1.825,-1.106,4.747,0.025,3.475,1.436,4.737,-2.318
-4.450,-1.728,-0.679,-2.336,1.221,-4.756,0.937,-3.776,2.815,-1.251
-4.261,2.458,2.780,-4.016,-0.792,0.660,2.764,-0.376,2.292,-1.375
-0.349,-3.190,4.655,-0.442,0.746,-3.480,0.412,4.466,-4.041,3.109
-2.407,4.730,2.522,-0.600,-1.572,4.360,-0.692,-2.126,1.076,1.255
3.407,3.875,1.831,3.338,-0.194,-1.074,-3.004,0.533,0.055,-1.899
0.382,1.542,0.387,-3.259,1.151,3.859,-1.570,-0.595,4.733,3.896
4.452,-4.039,3.437,-3.831,4.028,2.031,-4.730,-0.252,4.044,3.854
-1.382,-0.203,-3.595,3.277,0.448,-0.526,-4.378,-1.778,2.847,-3.825
-1.140,-1.220,-1.879,0.935,-4.260,4.661,-3.875,1.542,1.317,4.991
-2.558,4.200,0.512,3.392,1.360,0.283,-4.203,-3.842,0.485,2.433
-2.271,-4.071,-0.787,1.056,3.063,-4.443,-0.493,3.626,1.907,-0.911
-2.954,-1.206,-1.762,-4.776,-2.857,-2.989,4.537,-0.591,3.733,-0.091
1.543,3.464,-0.144,-2.168,-4.599,-2.406,-1.880,-4.083,-1.814,-2.911
-3.784,-1.666,-3.912,4.077,-2.660,-2.549,-4.773,3.339,-1.329,4.669
0.213,0.135,2.313,-0.437,0.474,-4.445,-0.301,-1.900,3.338,-0.016
0.234,2.551,-2.820,0.484,-4.126,-2.346,3.582,-1.355,-4.221,-2.627
-0.877,3.928,2.484,0.799,4.258,-2.980,-4.824,1.411,0.483,2.504
3.553,-0.751,-0.207,-1.543,-4.657,-4.728,2.802,-4.719,2.121,3.205
-0.031,2.614,-3.506,2.511,-2.058,-1.796,-4.258,0.007,-0.702,-0.315
4.600,-0.685,1.802,0.750,1.554,-3.449,3.307,1.419,0.416,-1.990
3.699,4.320,1.452,-1.394,-4.543,-2.153,-4.214,3.976,0.994,1.832
-4.508,3.555,3.603,-3.958,2.047,3.558,-4.879,1.867,3.141,2.059
2.644,-2.506,1.186,-3.076,-4.001,2.998,3.448,3.450,1.321,4.374
-2.992,4.610,-2.716,-4.714,2.212,4.413,-1.176,-1.553,-4.736,4.081
-1.218,2.921,3.679,-4.792,-3.306,2.983,-0.876,-0.526,-0.063,4.302
1.873,-3.304,-4.558,-1.218,-4.281,-3.973,-1.605,0.757,1.883,-3.170
-3.590,-1.820,3.574,3.185,4.469,-0.771,1.178,4.876,2.355,-3.143
4.798,-2.264,-2.136,-2.853,4.771,-2.148,0.773,-3.838,-1.879,1.124
-1.112,-0.795,-4.289,3.933,-1.564,-0.723,2.096,-0.863,-0.760,3.226
-3.745,-4.175,-2.340,3.405,1.628,-4.181,-3.696,3.439,-1.873,4.447
2.082,-3.824,-4.047,-4.061,4.791,1.272,3.128,-0.213,-2.935,-2.507
-4.697,-3.532,3.746,-0.236,2.243,-0.519,-4.599,-2.328,3.168,-3.842
-3.504,1.043,2.878,-2.660,-4.770,3.172,2.412,-4.586,-4.427,3.888
4.875,-2.369,2.691,3.942,0.085,-2.158,-4.107,3.184,-4.809,3.265
1.276,4.545,-4.174,0.189,3.206,-2.789,-0.417,3.638,3.168,-4.723
-2.138,1.651,0.435,-1.449,4.431,4.188,-4.778,3.284,-4.121,1.759
0.587,2.094,4.911,2.177,2.822,-0.347,-4.979,-2.642,0.034,0.899
3.852,3.849,4.014,-4.056,0.600,2.297,1.461,-0.413,-1.514,-1.155
-4.564,3.028,-0.716,0.025,-3.880,-0.921,-2.922,-1.392,1.928,0.854
1.561,-3.816,-3.288,0.236,3.192,-1.073,2.639,-2.427,-3.235,2.825
1.423,-0.520,-0.617,3.707,-1.140,-2.326,-3.046,3.062,-2.977,-3.270
-4.091,3.001,-3.635,-4.664,-4.719,3.489,4.626,3.818,3.175,-4.371
3.141,2.205,3.541,4.473,1.689,2.654,4.739,-2.274,0.163,-0.065
1.175,1.228,-4.348,3.055,-2.565,-1.769,2.612,2.599,-0.437,3.424
-4.757,-4.139,-0.313,2.094,4.322,0.971,4.203,0.381,-2.410,2.219
-3.009,-3.225,-0.013,-3.751,-2.022,-2.656,-4.322,1.368,0.250,-3.853
-2.288,-0.846,4.077,-4.804,-1.572,-0.935,0.683,1.884,-3.805,2.305
4.464,4.991,-1.447,0.935,0.896,3.048,3.565,1.643,-0.693,2.417
-0.260,-0.617,-1.512,0.734,-3.119,-0.126,0.616,-3.651,-0.872,-2.493
-4.304,3.505,-3.251,-2.270,0.027,-2.433,3.272,4.315,0.493,-3.279
-0.035,4.844,3.860,3.196,3.325,1.826,1.144,0.190,0.053,3.663
-4.667,4.226,-4.643,3.408,4.170,-2.084,-4.493,-3.349,-0.839,1.554
-2.974,3.401,-1.860,-0.920,-0.727,-1.011,-2.708,3.136,2.568,-3.406
-2.206,0.618,3.524,1.387,-4.011,1.859,-4.883,-1.187,-2.227,-3.405
-1.563,4.202,4.947,-4.165,0.995,-3.019,-1.860,4.610,4.797,2.272
1.973,3.156,-0.226,0.475,-0.153,-4.444,2.950,4.966,-4.535,1.812
0.671,3.454,4.908,2.914,-4.709,-3.782,-4.558,-1.928,3.967,3.565
-0.104,1.727,3.468,-0.781,-2.638,-3.100,-4.605,-1.884,3.132,3.654
3.876,4.191,3.687,2.944,4.475,-2.512,-3.322,3.228,3.799,-4.160
1.674,1.687,1.819,-2.403,0.094,-2.006,3.550,3.776,-4.267,2.775
-1.544,-0.933,-4.260,-3.378,4.475,-1.843,-0.217,2.089,-2.900,4.179
-2.713,2.028,3.261,2.857,1.162,0.375,3.681,-3.738,-4.003,-1.560
-4.742,-3.714,-4.764,-1.099,2.706,-2.687,2.446,2.385,1.188,4.226
-3.407,2.229,1.459,4.267,4.611,-0.181,-0.441,-0.839,3.213,-0.003
3.958,-3.280,-0.836,-1.396,-0.371,2.403,-1.902,-0.806,-4.893,3.842
4.107,4.730,-4.765,1.058,2.768,-1.416,-4.724,-2.850,-1.056,-0.553
4.247,-3.928,2.634,1.475,-1.957,-3.429,-3.843,0.448,-1.026,1.412
-4.500,-0.988,0.206,-0.089,-3.745,-3.735,2.973,1.060,1.033,0.785
2.045,-2.660,0.074,-2.380,-3.011,3.156,-1.836,3.658,-3.851,-4.534
-1.002,-2.766,0.087,-0.485,-2.158,3.232,-0.057,4.674,1.447,2.366
-3.715,-2.828,4.736,0.564,-0.335,-1.464,-4.218,0.467,-2.551,-0.548
-2.581,3.392,1.550,-3.632,-2.954,3.929,-3.862,0.240,-3.400,-3.020
-1.791,-0.687,2.216,-3.369,1.634,-1.670,1.589,-4.058,2.101,-1.385
-4.833,-2.411,3.114,4.406,-1.267,-0.829,2.753,-3.228,3.491,2.200
-4.983,-2.109,3.071,1.617,2.882,-2.392,-0.488,3.280,-4.815,2.638
4.430,3.378,0.924,3.926,2.516,2.335,-0.852,-4.201,-0.824,0.143
-2.663,-2.205,3.852,-1.022,3.777,-4.401,-0.387,3.444,-4.374,0.975
-1.004,-2.086,0.557,-3.572,-0.050,3.046,-0.588,-0.590,4.868,-1.558
-4.064,-0.098,0.776,-4.048,2.331,-2.009,1.686,4.012,-2.249,-3.546
-4.958,-0.412,-2.075,-2.505,3.748,-4.402,-4.241,4.050,0.127,-1.562
2.862,-0.411,-1.059,2.903,3.173,-3.883,-1.269,-4.875,-4.977,-1.011
-2.648,4.057,2.015,4.724,4.593,3.554,4.542,0.102,3.722,3.758
-0.118,-0.984,0.183,-3.895,1.258,4.599,1.974,4.503,-1.402,-3.396
-2.972,3.709,1.015,-3.293,-2.172,4.780,1.127,-0.724,-4.547,0.528
-3.356,3.612,0.479,-0.994,-3.289,0.616,-2.815,-4.895,-3.701,3.923
-4.744,-3.867,1.760,1.084,3.807,2.556,3.250,3.376,0.679,-1.190
0.789,0.740,-3.436,1.816,-2.829,1.694,-4.579,-4.765,-3.847,3.782
-2.888,1.286,1.791,3.236,-1.947,-2.379,-3.017,1.513,3.543,-0.880
2.165,-1.370,2.805,1.772,2.909,4.529,4.982,4.762,1.769,0.144
1.619,4.696,0.588,-3.489,-2.784,-0.213,-4.221,4.614,-1.157,-3.258
2.884,2.004,-1.753,-2.302,1.829,-1.204,1.230,-1.568,-0.083,-2.233
4.870,-2.213,-0.661,3.472,1.424,-3.522,-1.267,-2.707,-3.558,-0.730
3.817,-1.470,-1.073,-0.696,-4.445,-4.851,0.457,-2.366,3.514,3.246
-4.298,-4.048,1.205,2.475,-3.294,-3.331,-3.118,-1.191,4.480,1.089
-0.564,1.966,-1.948,-3.260,-2.328,2.426,1.215,4.291,-1.609,-3.289
0.831,4.129,3.095,4.528,-4.885,2.909,-3.656,3.853,3.287,-1.378
4.711,1.877,0.810,3.446,-1.884,4.541,-4.271,3.313,0.295,2.703
-1.338,1.365,3.249,-3.380,-2.250,-4.112,3.681,3.120,-0.599,-0.085
3.281,3.118,-3.287,-4.597,3.923,4.026,1.695,2.516,0.834,-0.824
4.541,-3.063,1.106,-0.841,-1.738,3.148,0.946,-4.746,-3.561,3.387
4.068,-1.845,-2.026,4.856,-1.477,4.919,-4.498,4.912,4.963,4.785
1.765,-4.009,-1.063,1.882,2.646,4.593,-4.417,1.091,-1.450,-3.363
3.831,2.039,3.611,3.244,-4.052,-4.137,-3.880,-2.254,0.877,-4.176
3.029,-1.595,-0.440,-4.258,0.757,-1.545,2.837,-4.512,-3.077,3.151
4.641,1.561,2.349,0.700,2.516,2.059,2.996,3.339,2.904,-4.159
4.505,-4.768,2.322,-4.989,1.214,-3.060,-2.407,0.677,-3.326,1.373
-4.715,2.435,-1.355,-0.531,2.430,-0.348,0.231,-1.322,0.075,3.947
0.084,-4.524,-3.553,0.051,-2.515,-1.758,2.236,-1.399,3.735,-3.032
-2.832,0.446,0.920,-1.218,-0.628,2.290,1.475,-3.380,2.291,-3.338
-2.118,4.627,-4.899,-2.434,2.792,-3.679,0.859,-0.443,-2.465,-0.889
-2.697,-1.946,2.014,0.510,3.761,3.012,4.489,0.557,3.625,0.378
1.917,0.972,-0.431,0.537,-1.748,3.410,1.305,2.445,-1.693,-3.019
-0.395,4.296,2.642,2.338,-2.065,1.201,-4.335,4.819,4.032,-1.708
4.412,0.890,2.459,3.848,-3.621,-3.815,-3.831,-0.640,-0.007,-1.824
-1.323,2.658,3.214,3.281,1.591,0.870,4.137,3.785,1.503,0.009
1.426,-2.623,2.866,-0.080,1.114,-2.692,2.294,-0.843,-2.925,-1.170
2.340,4.786,1.395,2.515,-1.865,-0.926,3.366,4.872,-2.786,3.745
-4.620,0.156,2.768,-3.547,-1.165,-3.165,-3.833,-3.881,4.577,0.709
-2.103,-0.300,0.659,3.520,2.229,0.023,-3.579,0.955,1.083,4.133
1.954,4.464,4.131,-4.137,-3.398,-2.425,1.510,3.558,-1.412,-2.564
-3.695,2.062,-2.660,-1.842,0.110,0.623,0.129,-1.994,0.844,0.789
-2.406,-4.137,2.982,-1.624,-1.848,3.505,4.806,2.775,-1.556,1.319
4.210,3.776,-0.195,2.042,2.868,2.439,4.614,-1.170,-1.675,-2.633
-1.087,-4.103,-3.535,-3.813,1.289,-4.384,-4.153,-3.529,2.456,-4.111
2.094,-4.608,3.997,0.329,0.793,0.705,1.834,1.927,3.323,2.858
2.719,4.036,-4.881,1.826,-1.370,4.592,4.149,-0.695,-2.867,1.377
-1.746,-3.275,4.545,3.976,4.313,-4.502,4.499,-2.812,4.262,-0.394
2.175,0.950,0.924,-0.892,2.821,-4.060,-0.177,0.544,-0.786,-0.079
-4.507,4.932,0.711,-2.773,-4.688,-4.135,-2.074,4.925,-3.250,0.674
-1.669,-0.519,3.180,4.257,-3.181,2.401,1.206,-1.528,-3.879,-3.749
0.674,3.682,0.200,-1.045,0.305,2.057,1.426,1.179,-4.565,-2.607
-1.172,0.254,-3.132,-4.031,-0.183,3.733,-3.489,-2.796,-2.266,4.175
-4.866,-4.995,0.148,-2.173,-4.123,-0.193,4.445,-0.633,-4.602,-4.774
-3.416,-1.637,1.947,-0.220,-4.800,4.570,2.144,-1.226,1.270,-1.007
-1.622,4.344,-4.062,2.217,2.640,4.915,3.748,4.796,-3.094,4.393
-1.626,-4.891,4.145,-2.624,-0.665,4.617,-2.769,-2.806,2.734,1.704
-3.925,-2.986,-3.644,2.621,1.968,-4.934,3.034,-0.955,-1.196,-4.014
3.856,-4.735,3.756,-3.233,-0.085,-0.702,0.792,0.502,-1.744,3.370
1.406,-0.005,4.985,-1.061,-2.398,1.463,-0.558,3.567,2.286,2.154
4.774,4.682,4.850,3.721,-3.327,2.274,-4.314,-2.223,0.623,-1.757
-0.265,-3.008,-2.254,3.261,-2.972,-0.491,4.871,3.442,4.459,-3.118
4.263,-2.744,4.765,-0.274,4.388,-1.141,2.957,-3.579,3.224,-4.254
1.737,-2.462,1.801,3.936,-0.790,-1.001,-1.172,-0.865,2.450,0.176
-1.119,-1.849,-1.021,0.839,4.172,4.345,-2.785,0.913,4.638,-0.596
0.035,-1.740,2.823,-4.320,0.471,-3.736,-2.638,4.546,-2.607,4.449
-4.289,-4.485,0.093,-3.696,-4.228,4.238,4.783,1.310,0.429,-2.235
3.006,-0.221,-1.061,-3.949,0.994,-0.020,4.972,1.536,1.570,4.924
-3.444,2.291,-4.501,-0.415,-2.906,-4.599,2.394,-2.101,3.013,-1.936
2.727,4.831,3.650,3.735,-4.716,2.644,-0.362,-1.440,-0.623,0.499
-2.460,-2.282,-1.031,-3.557,2.947,4.795,1.049,-4.685,0.605,-2.925
2.836,0.961,3.629,1.357,-3.682,-1.267,-4.021,-4.554,0.351,-2.357
-0.414,4.170,-0.827,-3.020,-2.951,1.194,1.469,1.154,-4.150,3.059
0.248,-3.324,-1.362,-3.812,-4.077,4.839,2.062,-3.329,-2.112,0.043
-3.506,1.256,3.243,2.899,2.524,-0.192,1.191,1.501,3.071,3.874
-1.249,4.679,3.524,2.813,-4.216,2.280,-0.048,-3.789,1.485,-1.713
0.132,-0.628,2.655,2.131,1.667,0.574,0.810,-2.506,1.141,-4.256
-1.092,-2.898,-4.436,4.230,-4.057,-2.455,-0.280,2.876,-3.459,-0.730
-0.633,4.536,1.417,-0.256,-3.511,4.566,-0.836,-2.790,-0.870,4.452
3.459,1.595,3.948,3.259,-0.002,0.617,-4.380,-1.809,1.246,1.362
-0.009,-1.728,-1.143,3.143,-1.268,1.067,2.712,-1.613,-2.676,0.250
4.134,-1.592,-0.665,-4.183,-3.376,1.924,-4.348,4.614,-2.762,1.213
-0.823,2.060,2.851,2.673,-4.856,-4.938,2.483,-4.532,2.099,-0.105
2.838,4.627,-1.137,4.875,-4.077,-1.022,4.763,-2.410,-1.963,-1.343
0.162,1.779,-1.537,2.000,2.017,-4.733,-1.917,-1.218,1.430,-2.115
2.489,0.278,1.370,-2.182,3.707,3.440,-2.991,0.625,-3.023,0.139
-3.952,-2.153,-4.588,0.624,-4.735,-0.411,-1.783,-3.964,3.863,1.522
-4.206,1.234,0.801,2.448,-1.549,-4.120,-3.473,-2.578,0.827,-1.652
3.544,-2.214,1.685,3.368,-0.594,3.263,-1.900,-4.398,-0.084,-4.891
-1.217,-2.544,2.635,-1.124,-3.281,-3.036,-0.189,3.542,-2.466,4.023
3.674,2.682,-2.817,2.461,2.058,0.496,-4.934,-4.503,-4.505,-2.890
4.164,0.883,-0.270,-2.236,-3.734,1.213,1.865,3.802,0.627,-1.653
-1.817,4.672,-3.998,0.018,4.478,-0.526,-3.851,-3.898,-2.589,1.259
-3.259,-2.671,3.912,-0.204,-2.768,-0.291,-1.745,1.269,3.384,3.380
-3.473,1.826,0.824,-4.164,1.893,-3.018,3.724,-1.462,-0.232,1.134
0.121,-4.563,0.650,1.364,-4.779,3.302,-1.421,1.482,-3.328,2.065
2.002,0.577,-3.191,1.730,-2.481,-3.113,-0.501,3.317,-2.488,-4.456
2.868,0.458,-1.702,-1.373,-2.488,2.184,-2.534,2.079,-2.928,0.939
0.331,3.322,2.332,3.790,0.985,-1.244,1.715,2.145,-3.893,4.799
-4.748,0.656,4.457,2.584,0.519,3.564,0.350,-3.085,-3.576,2.967
0.905,-0.370,-3.110,0.031,-0.126,-1.821,1.204,-1.993,0.816,-0.857
-4.300,4.880,-1.580,0.447,2.935,0.234,3.182,0.831,-2.949,-0.051
2.657,1.639,-2.520,1.584,-0.646,3.662,4.811,-3.858,2.012,-2.706
4.565,-2.054,-0.388,-4.937,-3.204,-1.395,-4.159,-2.479,4.658,0.941
4.775,2.711,-0.030,2.658,-1.894,3.804,4.928,-1.750,-3.038,-3.388
0.390,0.578,3.524,-3.470,-3.245,-4.439,3.051,2.074,2.780,0.451
1.359,0.432,-2.501,0.650,3.375,4.379,2.754,-0.427,-3.416,0.475
-3.966,2.558,2.355,1.975,-4.466,2.952,-0.118,1.869,-2.092,-2.328
-3.906,0.911,2.822,1.966,-1.421,-2.690,-4.550,4.381,-1.949,-0.512
-2.183,4.544,-0.619,0.552,-0.163,-1.158,-2.884,-3.318,4.300,-3.086
1.122,2.792,3.525,0.758,-3.360,1.791,3.404,1.534,2.390,3.336
-4.028,-2.379,-0.101,3.450,-3.381,-4.434,-3.255,1.163,0.268,4.976
3.858,-4.551,-3.170,3.643,-0.850,4.685,-3.729,2.028,-3.698,4.366
1.961,-4.780,0.922,3.262,-3.356,1.531,4.824,4.663,-0.206,-2.214
1.165,4.369,-1.746,-2.795,-2.172,1.775,3.632,-0.808,-1.740,-0.674
4.006,-0.246,-2.717,4.908,-1.038,1.486,4.069,0.881,-2.344,-4.874
4.605,-0.032,3.699,4.621,-1.499,2.224,3.784,-3.128,-1.441,0.153
1.923,-0.493,1.087,1.944,-0.978,-2.958,-3.132,4.628,-0.491,-1.766
-2.582,-4.661,-4.820,-1.879,0.358,-2.789,2.805,2.163,4.509,-4.036
-4.971,-4.353,2.458,-4.664,-4.986,4.366,1.844,-4.725,4.910,0.793
2.181,0.354,0.317,4.663,-2.272,-1.889,3.564,4.860,3.687,1.106
2.145,-4.158,4.844,4.979,0.272,-1.420,4.658,4.219,-4.593,-3.434
-4.814,-1.039,2.720,3.135,-3.851,4.286,-4.129,1.426,1.583,4.312
1.605,-1.967,-4.123,3.177,3.359,-2.501,-4.999,0.087,0.540,3.034
4.700,1.644,-4.109,0.594,-3.354,-1.710,-0.071,-0.936,-4.447,-2.799
-2.333,-4.734,2.623,-2.407,0.589,0.092,-4.098,-4.169,-1.921,3.790
-4.375,-0.529,1.755,0.500,-1.718,-3.622,-3.203,-1.246,-2.098,1.467
-0.776,-0.335,4.480,-3.464,-3.363,-1.603,-3.449,-4.842,-3.535,1.981
-0.116,-2.905,1.551,1.718,-2.242,3.990,-0.793,-0.676,-3.572,2.833
4.366,-1.404,-4.371,-2.461,1.953,-2.671,1.302,4.734,-1.250,4.213
1.046,2.613,-0.198,3.683,0.936,-3.934,2.146,-3.973,-1.006,-1.051
-4.987,-0.529,4.446,3.955,0.572,3.730,0.733,-0.372,-0.809,-1.783
-0.840,-4.733,1.143,1.186,1.580,-3.310,1.766,-1.844,4.355,-0.117
1.079,3.180,1.729,-1.900,0.476,-4.642,-3.517,-3.868,-4.062,2.040
4.025,2.876,-3.894,0.399,2.221,-3.361,-1.624,1.798,3.606,1.705
2.161,-1.545,-0.052,-3.410,2.777,-1.076,2.857,2.534,-1.884,2.986
-4.801,3.922,-2.690,-2.629,-2.853,-1.309,-3.407,4.024,-2.532,-3.357
4.347,1.527,3.582,-1.803,-3.362,2.177,3.268,4.402,-4.712,-0.079
0.780,3.354,-0.011,-1.321,-3.852,4.452,-2.507,0.456,0.286,4.752
-3.758,4.681,1.444,2.820,-4.024,2.734,-0.469,-4.328,-3.897,-3.394
2.856,-4.770,2.006,-1.533,2.174,3.935,4.714,2.652,0.320,3.539
3.761,-3.781,2.364,2.681,0.079,-4.153,-0.761,4.707,-2.881,1.575
-2.883,4.907,-1.534,2.602,4.735,1.904,-2.158,0.574,4.205,-0.884
2.586,2.849,-4.458,1.587,-4.663,2.366,-2.367,-0.058,-1.730,-3.401
-1.770,3.055,-4.317,-0.807,-3.533,2.544,-3.390,3.328,1.446,-1.268
-1.217,-4.479,3.846,1.510,-2.702,1.186,-2.248,1.427,-1.234,-3.962
-4.062,4.181,-0.585,-0.139,-1.377,-3.322,-1.881,-1.928,3.430,-4.997
4.332,1.939,-0.917,-0.802,-1.743,-1.054,-2.240,-0.341,-3.238,3.778
-1.935,2.448,0.800,0.267,3.317,-0.846,4.692,-2.952,-0.551,0.136
-4.712,-3.362,4.732,1.839,1.086,2.276,0.929,4.228,4.344,-4.559
1.244,1.079,3.590,0.562,-2.788,-4.056,-2.453,1.718,1.249,3.003
3.013,3.577,-3.025,-0.669,0.544,4.028,-2.658,0.575,-3.309,2.479
-4.445,-0.241,-0.247,1.341,4.640,0.932,-0.897,-3.680,3.898,0.664
3.586,-2.908,1.058,-0.995,4.297,-1.456,1.119,3.486,-1.080,-0.335
-4.305,-0.873,1.320,4.575,0.956,-1.564,-4.981,-1.467,4.931,-4.579
1.128,-2.481,4.435,-3.325,-1.448,0.917,0.201,-1.589,-0.987,2.064
-4.393,4.326,-3.053,0.966,-4.466,-2.674,-2.715,-1.259,0.593,2.435
1.935,2.505,-3.863,0.623,-4.495,-4.325,-4.194,4.157,1.092,-3.246
-1.055,-2.507,3.786,-2.618,1.866,1.540,-0.319,4.466,2.143,-3.931
-4.990,-1.512,-1.015,3.369,-0.408,-4.279,-4.154,4.854,-4.764,-2.417
-0.909,-3.027,-0.243,3.405,-0.865,1.083,-4.677,-4.788,4.440,0.474
-3.985,-3.039,0.811,0.355,-2.326,-1.663,2.753,4.786,-2.026,1.317
-0.892,-0.130,-1.821,-0.789,-3.086,1.917,-3.711,3.557,-1.993,-0.892
1.370,-2.686,-0.176,-3.437,0.567,-0.090,0.065,2.666,-2.780,3.994
0.710,-0.257,1.876,-4.758,-1.869,-1.210,-3.734,1.303,-4.703,1.488
-4.022,-3.924,-2.057,4.319,-2.321,2.180,1.634,2.826,-1.049,-3.029
-4.958,2.803,-3.952,-0.978,1.614,-0.256,1.093,3.987,-1.178,-0.729
-4.660,0.917,2.986,-2.539,-1.447,-3.720,2.521,0.960,4.721,-3.192
3.436,-2.565,-4.296,-4.124,-1.141,-0.343,1.275,-4.653,0.192,-4.080
-3.378,1.183,-1.285,2.357,-2.473,-2.883,3.538,-4.811,3.790,-4.305
1.157,-0.943,-1.358,1.904,4.621,-3.429,1.550,3.455,0.817,-1.971
-1.639,-2.460,4.743,-2.663,2.404,2.986,1.861,1.684,-1.496,3.690
4.337,-1.683,1.703,-0.879,-0.540,-0.251,3.255,-3.628,1.267,4.402
4.252,2.681,-1.931,-4.462,-1.989,-0.343,0.459,-0.557,-3.268,2.122
1.803,1.120,-4.017,1.627,-0.187,3.937,3.461,3.572,1.362,-1.846
-3.258,3.338,-3.681,-1.601,1.350,-4.214,1.469,-4.533,-4.789,0.932
-4.981,-3.110,2.530,-2.670,-1.588,2.984,4.724,3.303,-1.033,-3.809
-1.508,-4.765,-1.709,-3.761,4.258,-4.482,-0.783,4.865,-4.226,2.689
1.371,-0.518,-0.628,-0.997,2.056,-0.169,3.252,2.824,-4.787,2.751
-1.962,-0.692,-4.226,1.176,-3.709,4.703,4.220,0.237,2.178,1.333
0.258,1.525,0.904,4.244,0.703,-0.620,-0.902,3.086,1.719,-2.052
1.360,1.048,-4.315,-4.254,0.907,-4.650,3.528,3.657,2.691,-3.281
-4.762,-2.340,4.938,-4.751,4.957,-3.335,4.483,4.134,4.416,-0.184
1.745,2.449,3.652,-0.714,0.859,-3.890,1.747,-4.020,-1.602,2.166
4.016,-0.573,2.901,2.065,-2.353,-2.936,4.293,1.562,-4.028,-1.554
4.542,1.463,4.444,0.613,1.356,3.400,-2.182,4.393,-3.507,-4.649
1.769,1.789,0.637,-1.720,2.005,-2.294,-2.729,0.652,-1.531,-0.479
-2.178,-2.105,1.879,-4.014,-2.567,1.888,0.648,4.978,-2.291,-2.506
-1.207,-2.533,-1.991,3.937,0.686,2.783,-3.077,-2.979,0.884,-2.636
3.045,-2.044,-4.022,-1.995,-1.570,4.135,1.583,-0.964,1.307,1.661
-2.420,3.087,1.792,-3.866,0.735,-1.730,2.495,-4.761,1.784,4.258
-4.108,-3.949,3.362,4.676,-0.586,-0.015,1.319,4.402,2.594,1.134
-4.824,-2.149,-4.524,-1.505,-2.001,0.038,-3.229,-1.006,-4.046,-1.237
-3.151,-3.173,-1.552,1.954,-0.774,-3.812,0.463,-0.294,-2.821,-2.503
3.421,1.509,-0.371,3.273,-3.264,-3.553,-2.633,2.145,0.844,4.830
-1.422,-2.508,-2.354,4.729,-4.393,-2.989,-2.773,-0.889,-1.207,0.615
4.241,-2.711,3.819,-4.765,1.430,-1.339,3.811,1.805,4.690,0.514
0.569,0.729,-4.104,1.111,-3.093,2.520,3.768,1.182,0.193,-1.697
-0.158,-1.534,1.702,-2.635,-2.492,3.762,-0.845,3.185,-1.544,0.319
-4.339,1.314,-4.911,-4.635,-0.421,0.957,3.889,2.826,1.789,-0.798
0.583,4.258,4.376,-3.186,3.398,2.951,-1.775,2.567,3.569,-3.165
3.914,1.383,0.565,-1.885,-2.885,4.101,-4.754,2.994,-4.579,-4.571
2.324,2.290,-3.733,4.728,0.358,3.870,-4.707,-3.734,1.948,-4.638
-4.895,-4.743,1.239,2.947,1.541,-1.581,0.516,1.174,4.212,4.084
4.517,-2.439,4.536,0.612,-2.533,4.090,-4.331,1.024,-3.622,-2.597
-0.044,-4.053,-3.315,-2.808,3.109,-0.797,3.559,-1.492,-3.493,2.480
-4.002,3.212,3.496,-3.384,-4.494,4.638,0.512,-2.357,-0.159,-0.429
2.819,3.281,-1.628,-3.572,2.252,3.103,4.195,3.211,-4.107,3.012
-2.503,-4.905,0.699,-3.286,-2.754,4.620,-3.605,2.453,1.935,-4.065
-1.725,-1.968,-3.766,1.611,-3.267,3.160,3.897,0.100,-1.269,-0.225
1.440,0.383,-2.425,0.602,-0.991,-3.644,2.928,-2.767,3.195,-2.446
2.213,-2.904,-1.031,-2.900,-1.170,0.792,-3.176,-2.036,-4.044,4.485
-3.854,-3.129,2.081,0.926,-3.743,2.419,-1.109,4.458,-3.024,2.537
-1.174,0.190,3.492,0.075,-0.145,1.811,-2.288,-0.490,-2.730,-4.055
-1.228,1.334,0.347,-1.315,0.097,0.373,4.247,-2.992,3.369,4.451
4.871,-0.797,-0.117,2.081,0.398,-4.491,-4.143,-0.583,4.849,2.737
0.735,2.815,2.780,-3.125,-0.815,1.429,-3.125,-1.223,1.658,4.544
-0.424,-3.467,0.335,-3.418,1.896,0.260,4.009,-2.304,4.457,4.869
-2.620,1.531,1.256,1.400,-2.738,1.304,-2.799,3.846,2.408,-0.844
0.580,4.288,-2.533,-1.753,-4.330,-4.199,-3.097,-0.345,-2.230,-4.919
3.603,1.227,1.483,-2.387,-2.921,-2.514,-3.984,-3.645,-3.231,-2.322
-1.854,3.006,-4.888,2.466,0.557,-4.061,-0.948,3.358,2.406,-0.332
-3.527,-3.102,1.162,3.628,0.170,0.371,0.856,3.384,1.035,3.603
-1.901,-4.853,0.701,4.259,-1.510,-4.557,0.241,-4.471,-2.978,-0.852
1.502,-4.955,0.306,-1.065,2.662,2.243,-1.086,1.031,4.073,-3.111
1.484,0.159,2.338,4.970,-0.683,-0.051,-0.764,-1.764,-1.359,3.157
-2.348,2.484,3.594,0.182,3.858,0.180,-0.474,-3.533,0.559,-1.180
1.116,-3.614,-1.502,-0.952,-0.051,4.596,0.015,1.883,-2.058,-3.810
-2.677,-2.099,0.657,-2.832,2.050,-2.797,1.124,3.676,-3.165,-3.011
0.009,-3.005,-2.666,-0.040,0.271,-4.505,1.409,1.197,0.744,1.685
-3.070,-0.366,0.970,0.616,-3.952,2.596,0.380,3.862,4.211,3.406
-4.043,-3.499,2.648,4.184,-4.245,-3.214,1.573,-4.224,-2.305,1.277
-2.101,-0.964,-0.299,-4.800,-4.384,0.214,0.153,-2.270,-2.562,-3.443
1.139,2.780,-3.838,3.321,-2.704,-0.703,0.902,0.820,-4.271,2.620
2.136,-1.630,-1.864,-4.463,-1.018,1.148,-0.864,-4.408,-3.907,-4.053
-3.169,-4.863,3.113,2.531,0.820,-0.785,1.090,-4.319,2.017,2.448
-4.521,2.599,3.571,-0.722,-4.796,2.588,-3.960,-4.081,1.172,3.255
0.860,-4.470,4.787,2.838,-0.875,2.971,0.563,-0.641,-0.346,-1.194
2.831,-0.619,-3.899,1.354,-1.510,-4.516,-0.935,-2.588,1.874,-4.688
-3.711,2.967,0.987,2.682,-1.007,-2.561,0.184,3.746,-4.703,-1.341
-0.534,-3.790,-3.485,-3.843,1.331,4.302,1.693,1.544,-2.748,4.639
-4.529,-1.304,0.187,1.594,3.223,-0.164,1.492,-1.498,-3.307,3.568
-3.756,1.254,4.094,1.696,2.896,1.775,-2.134,3.499,0.232,-2.134
-3.705,-0.408,-3.837,4.744,0.629,0.897,-3.984,-0.526,-0.230,0.781
-1.151,-2.958,-3.809,1.662,-3.663,0.927,1.567,-2.135,1.010,-3.550
-2.559,-0.846,-3.831,-4.927,3.240,-3.972,3.512,1.383,-4.557,2.201
0.228,-0.540,4.447,1.116,3.456,-0.502,-2.897,-3.944,4.018,-1.839
-1.831,4.567,3.009,3.893,-2.781,-2.308,1.890,-3.509,-3.422,3.766
-4.525,-1.171,-4.745,2.021,4.736,4.842,0.979,-3.300,-2.942,-4.552
-2.265,3.884,1.437,-0.761,-2.047,-3.892,-1.580,-1.991,-1.451,1.562
-3.675,2.666,0.126,-0.496,3.195,4.962,1.459,2.997,-0.489,-3.193
-1.084,4.831,0.798,-2.970,-4.401,4.451,-0.624,-0.936,-4.382,-0.810
-4.253,3.222,-4.739,0.938,0.333,2.108,-2.931,-3.785,-2.381,-1.168
1.868,4.162,-1.839,-4.424,0.384,-1.482,0.429,-2.746,2.355,1.188
0.528,-1.512,1.892,1.543,3.004,3.399,4.392,-2.804,-4.127,-2.334
-3.318,4.293,-2.279,0.596,4.347,-0.834,2.874,-3.371,2.280,-4.446
0.286,-4.439,3.946,4.326,2.621,2.528,1.482,-1.753,-3.246,2.065
-2.265,1.180,1.451,3.174,-3.115,2.191,4.604,-3.907,3.855,2.089
-1.760,-3.259,-4.137,3.987,-1.062,-1.643,-4.854,-2.549,-1.707,4.751
3.543,1.038,-3.738,-0.224,-4.983,-4.087,-3.178,-0.766,0.124,-1.175
4.685,2.584,-4.579,-4.140,-4.507,3.488,3.798,-4.959,4.084,2.449
-2.539,-2.348,4.008,3.554,1.821,-2.900,-1.509,-0.765,3.588,-1.615
1.438,-2.506,0.169,3.464,1.944,-4.435,1.864,-1.726,-3.175,-2.270
-0.194,4.791,2.291,-4.254,-3.101,4.297,-1.870,-0.439,-0.137,-4.430
-1.280,-4.460,-2.542,0.364,3.805,4.009,4.689,2.530,-3.601,0.746
-4.649,0.143,4.834,0.251,-4.945,4.449,3.981,3.871,2.516,-0.818
-3.218,0.909,3.243,-1.767,3.475,4.682,-1.948,-2.661,-2.966,-2.745
-4.351,3.510,-3.234,0.362,-1.123,1.700,-2.488,-3.292,0.086,-0.813
4.328,-2.479,3.346,0.038,1.848,-1.286,-4.482,-3.561,0.731,-2.991
-3.469,2.428,3.269,2.844,2.965,-3.997,-1.603,2.233,-2.479,1.034
4.532,-4.021,-1.481,0.904,-3.602,-1.589,1.651,2.584,-1.488,-1.051
-0.865,-0.523,2.820,-3.932,0.489,-4.684,4.762,4.023,1.069,2.857
-4.844,-3.534,-3.004,-3.445,1.187,-0.623,3.117,-3.457,2.768,-0.765
1.911,3.403,0.003,4.066,4.428,0.187,-1.028,0.689,0.189,-2.389
-3.802,3.987,-4.245,3.662,-1.718,-2.872,3.916,-0.749,1.595,4.761
-3.966,-2.470,-0.296,-3.189,4.104,3.242,-1.013,1.752,-0.216,4.463
3.300,-0.933,2.339,-2.999,-4.869,-0.731,0.726,-1.154,-4.323,1.665
-2.244,-1.957,-0.693,-1.546,2.050,-0.950,2.376,-4.422,3.201,1.787
-3.980,-2.042,-3.939,1.874,-1.020,-4.354,4.247,4.334,-2.364,-3.454
-3.016,3.278,-2.662,4.939,-0.758,4.708,-1.365,0.897,-2.112,-0.288
1.877,-4.496,2.177,-0.835,0.362,1.447,3.109,-3.757,-2.892,-4.280
-2.481,0.502,-3.699,-2.204,2.606,-4.137,-4.119,0.443,1.480,-3.333
-4.910,-2.531,1.871,4.037,1.017,4.693,-0.670,1.443,-2.302,1.298
-4.358,0.617,3.586,0.576,4.024,1.120,0.712,0.371,2.007,-1.645
3.835,-1.300,-2.482,3.756,2.569,-1.084,-4.740,3.119,2.488,-3.115
2.718,3.094,-0.316,0.886,2.433,-2.023,4.146,1.025,-2.209,-3.279
4.757,-4.183,3.293,1.837,4.364,-1.516,2.950,-3.273,2.361,4.784
4.392,4.908,-3.932,2.319,1.529,-4.297,4.435,-3.778,3.726,0.459
3.892,-3.804,4.386,-0.879,4.846,-2.082,4.496,0.362,-4.867,2.704
4.801,4.445,4.349,1.288,3.076,-4.536,2.301,1.382,-3.388,-2.038
2.835,-1.978,3.157,3.934,-1.675,-2.331,4.800,3.518,4.023,3.719
2.331,4.807,-4.559,-0.682,2.698,2.584,3.894,-4.056,-2.761,0.187
0.455,3.915,1.949,-4.381,2.200,0.044,-3.399,-0.865,-2.746,-0.120
-1.031,-4.067,-1.914,-0.607,2.001,0.722,2.764,-4.503,0.604,1.933
4.262,-0.037,4.176,3.759,-4.701,4.013,-3.959,-3.507,1.039,1.715
0.903,-3.032,4.927,4.244,-3.153,1.182,-0.908,3.266,-3.178,0.436
0.468,-3.018,4.285,4.750,3.174,-1.424,3.595,1.088,2.091,4.257
4.302,-1.830,-2.247,-4.416,3.027,-4.184,-1.084,-2.046,1.386,1.289
4.766,3.358,1.517,3.315,-1.072,3.085,-2.233,2.311,1.168,2.572
4.908,2.700,2.524,2.282,4.693,4.344,-3.013,-3.329,0.145,1.326
2.333,-2.722,2.650,3.223,4.774,0.820,-2.812,-2.023,3.007,-4.769
-1.395,3.290,-1.383,1.856,3.995,-0.569,-0.820,-3.678,-1.992,-3.986
1.007,3.780,-3.069,0.210,-0.353,0.878,-3.532,-3.071,-3.041,4.475
3.604,-0.157,-0.718,0.723,2.810,2.207,-0.696,-2.778,2.427,1.429
4.888,-0.884,3.566,0.659,-3.925,3.620,0.655,-4.562,4.686,-1.700
-0.750,-4.132,4.404,-4.986,1.512,-4.182,-1.630,-0.683,-4.860,-1.021
-2.309,-3.673,4.404,2.869,-1.031,4.419,2.534,-0.696,-1.751,0.547
-1.746,-3.740,-2.605,1.711,-4.952,-3.772,-0.495,-1.573,4.636,-0.925
-0.659,-3.497,-4.167,-1.051,3.676,-3.844,-0.839,-3.591,4.128,1.918
4.559,3.611,-1.244,2.123,-1.312,2.985,1.593,4.570,0.828,-2.503
3.325,-0.378,-1.586,3.474,-4.045,-3.309,-0.792,0.412,-3.498,-3.923
0.559,-3.082,-0.625,2.403,-3.720,-1.450,0.609,-4.739,3.690,1.028
4.180,4.445,-3.613,0.899,1.969,4.648,0.692,2.594,2.026,-4.410
3.387,-4.541,4.829,1.241,1.856,-3.301,1.616,0.471,1.795,-4.257
-3.666,4.085,1.784,2.284,-3.318,0.730,-4.581,3.712,-3.089,4.265
-0.331,1.988,4.529,0.982,3.886,-4.837,1.683,0.611,-3.536,-0.939
4.359,-4.542,-0.106,-3.485,4.415,0.103,-1.266,-4.751,0.978,3.430
0.540,2.407,4.162,-0.050,-1.343,2.918,2.137,-3.637,1.547,-0.742
-4.365,0.994,-1.448,4.771,2.791,2.914,-1.831,4.310,-1.237,-2.340
4.202,3.262,1.585,-0.208,-2.168,1.897,-2.068,2.783,-2.020,2.515
0.370,2.778,4.723,-1.671,-1.828,1.045,-0.841,2.688,-0.513,4.041
-2.269,0.467,-0.921,-0.653,-3.023,2.407,-0.429,1.050,3.162,-2.759
-0.305,3.304,1.618,2.265,-0.402,4.279,3.758,-1.550,2.918,4.111
-4.789,4.061,0.720,4.740,-4.406,4.845,1.428,-0.525,-3.755,4.286
3.125,-1.849,4.574,2.730,2.987,-3.580,-3.357,3.800,-1.319,-0.356
-3.978,-0.786,-3.324,-4.149,2.735,4.240,-2.100,-3.253,4.363,0.456
0.416,-3.088,3.672,-2.602,-3.793,2.619,-2.497,-0.030,1.863,-0.905
1.175,3.695,1.656,1.829,-1.145,-0.860,-1.560,-2.868,-3.825,-2.357
-1.881,4.637,-1.576,4.628,-2.791,0.038,-0.106,4.842,1.406,-0.659
-2.522,-3.405,-3.334,-0.573,-2.585,4.732,-0.070,-2.310,2.341,-4.418
-3.869,4.343,-0.358,3.283,-3.458,-4.770,-4.287,-4.000,-0.732,-4.422
3.573,0.605,2.093,0.994,-4.716,3.827,4.643,-4.602,-2.078,2.526
-2.851,1.143,4.863,-0.158,2.557,-1.179,-2.306,-4.242,0.602,-0.954
3.776,-2.008,-1.093,-2.685,-0.715,-3.438,3.984,2.173,4.357,1.401
4.311,-4.295,-1.409,1.534,2.831,1.139,3.188,-3.503,0.105,2.619
-0.902,-1.364,-3.347,-2.751,1.658,4.191,-3.931,4.493,3.363,-3.393
-2.045,-4.314,4.829,0.932,4.798,-3.318,0.007,-3.873,-1.216,-1.175
-4.378,-1.423,-0.379,-0.384,3.591,3.162,0.168,0.746,1.205,-3.085
4.160,2.647,0.874,3.640,3.071,-1.679,0.776,0.259,0.567,-1.297
3.772,1.831,2.583,-4.158,-0.083,-3.858,-3.848,-2.763,-0.688,-1.969
-1.892,0.094,0.835,-1.880,-1.397,-0.953,-2.395,0.669,-0.304,-1.619
-3.770,3.067,-1.651,1.578,2.441,-1.476,-4.567,-4.197,-0.066,-3.201
-2.917,-0.074,-2.178,1.759,3.323,-0.826,-4.981,-3.199,-2.270,-1.867
-1.168,-2.184,3.909,-4.739,-1.153,-0.686,-3.384,-3.662,1.088,-3.522
2.457,4.843,-0.373,-3.786,0.196,1.437,-4.805,1.374,0.694,-2.929
-0.205,-0.411,4.624,4.971,1.645,-0.913,4.607,-0.363,-4.289,2.870
4.883,1.923,4.836,4.451,3.322,-4.090,0.509,0.965,-3.352,3.692
4.502,3.333,-4.674,-4.783,-4.654,3.639,2.179,3.525,-4.346,-1.554
3.652,3.090,-0.109,-3.914,-3.262,-2.080,3.026,2.406,2.306,-3.886
-3.372,1.196,-1.130,-3.278,0.372,-1.725,0.391,2.920,3.640,-2.464
2.805,0.657,3.170,-4.376,-4.747,4.642,3.540,-2.916,-1.463,0.339
0.977,-2.234,-0.592,0.715,2.878,-0.170,-3.824,1.676,-3.470,0.010
-0.535,-2.178,3.338,4.144,1.894,-2.491,-2.431,-1.521,2.576,-1.586
3.848,3.250,-4.153,-2.906,1.075,4.748,-2.993,2.426,-4.344,3.779
-2.469,4.966,-1.228,-2.853,-3.311,0.488,0.526,3.216,3.594,3.966
4.492,-0.772,-3.357,-4.624,2.657,2.350,-4.793,2.238,-0.316,0.501
1.356,4.297,-2.003,2.783,-3.884,-0.733,-3.374,-3.411,-0.184,1.076
-4.438,1.665,-0.571,-1.062,3.317,3.786,-4.597,3.840,-3.199,-4.457
1.845,2.456,-4.627,3.472,-2.820,-3.283,-0.517,1.531,4.240,0.287
2.471,2.178,3.498,-0.037,3.543,-1.458,4.538,-0.132,2.080,-2.814
-1.994,-2.976,-0.881,-2.128,0.267,4.083,1.639,-4.933,-1.059,1.957
4.652,2.765,-3.030,4.967,-3.041,1.065,-2.785,-3.219,4.447,2.074
-4.216,4.601,-1.842,0.474,3.030,-2.937,2.559,-4.990,-0.128,4.740
-3.915,-4.974,2.107,-1.500,-0.606,3.258,-4.150,-2.752,0.885,4.744
2.512,-3.539,-0.580,-0.666,-1.020,4.850,-3.815,4.058,3.563,1.026
0.491,1.334,4.973,-1.498,1.843,4.014,-1.787,-4.337,-3.296,2.134
-1.037,-2.076,4.603,-4.111,-3.934,3.084,-1.095,-3.753,-4.994,-4.143
4.217,-2.985,0.376,3.602,0.080,2.772,0.260,0.956,1.700,-1.850
-2.230,4.697,-4.393,-1.325,2.219,3.835,-4.716,-0.454,-3.287,-4.370
2.583,-0.772,-3.592,-0.917,1.069,1.228,1.868,0.700,-3.401,-0.115
-2.560,-3.768,4.985,4.962,-0.586,-2.914,-2.640,-1.098,-1.078,-1.001
-1.887,1.003,-4.226,-1.081,-0.788,1.354,-2.880,2.421,-2.809,0.279
4.303,2.960,-1.344,4.505,-3.719,-0.167,-4.916,-0.754,0.392,-3.489
-1.859,3.755,-1.050,1.779,1.506,-1.299,-0.855,-2.283,0.921,0.616
0.410,-1.803,-1.938,-2.424,1.186,3.320,1.900,2.664,2.109,4.919
-2.537,1.128,1.483,2.860,4.702,-1.694,-1.924,-4.961,3.984,-4.313
2.097,-0.341,-4.299,4.041,-0.562,-0.358,1.254,1.259,-3.087,1.356
-0.342,-4.751,1.394,-1.494,-0.757,-1.601,-0.166,-2.259,-4.129,-2.685
-0.237,-2.705,-3.026,-2.492,0.607,4.810,2.152,-1.407,-0.560,-4.734
-0.311,-1.112,0.691,-0.419,-1.498,-2.415,0.230,-2.871,-0.369,-0.549
2.236,0.430,-3.227,-4.343,3.220,-2.337,-2.613,-0.070,4.923,1.523
-4.572,-1.501,-2.294,4.404,2.842,3.391,2.846,1.749,-1.490,-3.328
-2.419,-4.170,4.870,-4.605,-0.988,4.634,1.006,-1.042,-3.956,4.796
-4.394,-4.670,2.463,-2.761,2.532,-0.469,1.457,-3.821,0.591,-0.179
2.787,2.284,1.787,4.201,-3.956,2.297,3.534,-1.648,0.958,-1.849
3.708,2.391,1.849,4.866,-0.753,0.656,2.724,4.336,-4.588,1.137
1.182,-0.938,-3.664,-2.778,2.724,-4.206,-4.144,1.243,2.005,3.682
-2.509,-2.184,1.587,4.296,1.763,-4.641,-0.347,2.784,-4.666,1.483
1.999,4.172,1.958,-4.162,-3.321,2.320,-3.555,-2.563,4.030,2.355
0.234,3.066,-4.569,-3.930,1.047,0.922,1.786,4.588,2.412,-4.035
4.438,0.249,-3.531,-1.994,4.201,0.051,1.808,3.408,-3.611,-2.740
-2.882,3.770,2.713,1.327,-3.564,2.433,-0.646,0.949,-0.630,0.796
2.296,1.620,-2.837,4.664,-4.371,0.049,-0.135,3.183,4.254,3.995
-2.268,-3.572,-4.148,3.935,1.166,3.586,2.950,-1.295,-1.281,-0.154
3.930,-3.141,-1.299,1.460,-3.050,0.791,-0.697,-4.365,-1.413,-4.095
0.534,-2.077,2.341,-0.411,-4.591,-3.194,0.286,4.752,-1.371,3.756
0.158,1.493,-3.811,-3.463,4.788,1.283,4.696,4.896,2.414,-3.701
-1.728,1.210,-4.541,-0.504,-0.214,-2.071,2.386,2.669,1.041,-4.801
-2.083,4.498,4.322,-0.050,-4.240,4.774,-0.234,1.780,-4.767,0.420
-2.843,-1.929,-0.728,4.777,-0.170,3.054,-3.739,-0.573,1.419,4.815
-4.893,3.415,-4.693,-4.265,4.369,-1.229,-0.217,-3.549,2.936,-4.900
-2.276,-1.386,-0.712,-2.431,1.709,-2.327,-4.252,4.360,-0.216,2.585
-1.399,4.926,-0.595,4.755,-1.264,-0.774,2.848,-3.819,3.490,-4.943
0.430,-4.156,-1.746,0.191,-4.605,-0.706,3.548,-0.194,-1.815,0.453
2.351,-2.003,1.130,-3.545,4.729,0.530,-3.567,1.812,-0.918,3.591
3.527,-3.108,1.217,-4.060,-3.181,4.017,0.494,-3.981,0.543,-3.571
4.875,-1.987,-2.150,0.902,-1.923,-0.090,-1.444,-1.277,3.827,-4.754
-1.718,3.621,-4.190,-3.935,0.615,-0.855,-3.043,-2.135,0.697,-2.898
3.899,4.566,-4.533,4.582,4.916,2.653,4.786,2.398,-4.776,2.864
2.074,3.908,0.607,-3.570,4.155,-3.818,3.087,-1.843,-4.740,-2.138
-0.869,2.625,-0.233,4.899,4.198,-1.984,-1.302,-3.880,-0.826,-3.634
2.735,4.002,2.218,2.221,-0.091,0.953,-1.776,2.476,-4.685,-3.432
-0.009,-0.101,4.579,0.579,-4.337,0.569,-4.067,1.701,-2.031,4.525
3.919,-1.720,-2.325,-3.797,0.587,3.968,2.830,-0.037,-3.199,1.464
-1.044,-4.812,-2.843,0.086,-0.764,3.173,-4.295,-0.249,3.257,3.375
-3.651,1.077,-2.085,2.986,0.602,-1.967,-3.914,-2.291,-2.497,-2.819
3.032,1.587,0.507,-0.524,1.152,-0.677,-1.999,2.136,-2.934,-0.679
0.334,-2.612,-4.716,1.875,3.505,2.341,-3.720,-2.354,0.010,-2.592
-3.830,4.666,-4.876,3.846,-0.659,2.233,-2.677,-3.830,-2.609,3.700
3.971,3.992,3.290,4.330,1.936,1.224,0.408,-4.164,1.918,4.014
3.296,3.898,3.681,-1.241,3.147,1.948,-3.290,4.770,1.812,-0.748
4.957,-4.439,1.506,2.221,3.929,-0.368,-3.040,0.155,4.000,0.159
3.066,-1.131,1.007,1.334,4.954,-1.428,4.597,-4.235,1.040,-1.403
-2.156,2.359,2.797,-4.126,3.980,3.844,-2.818,-3.145,-0.953,-2.740
-4.598,4.390,-2.310,2.934,2.109,-0.685,0.525,-1.833,-3.684,-1.767
0.443,-4.434,-4.254,1.431,3.835,3.595,-1.327,0.935,-1.104,4.945
-1.443,-1.432,3.672,0.871,-3.496,-2.316,3.920,-4.411,2.645,0.668
3.869,-1.452,-0.239,3.695,-3.352,0.369,3.164,-3.286,4.536,-1.512
-4.805,3.498,-1.514,-0.278,0.855,-4.478,4.632,-3.422,2.078,-3.328
-4.732,-2.576,3.675,-0.585,4.163,-1.607,0.787,-2.696,0.158,2.749
4.008,2.063,-4.223,3.033,1.370,4.647,-2.573,1.214,-4.437,-2.009
-4.540,0.141,-3.195,-1.351,-0.700,-1.804,3.050,2.832,1.325,0.812
-0.657,-0.751,4.601,0.694,4.583,-2.049,-2.745,-1.484,2.431,-3.447
4.905,-2.807,-3.623,2.041,-3.353,3.612,-1.106,2.218,-3.355,-4.857
-0.406,-0.724,1.512,2.194,2.834,2.500,-0.856,4.276,-3.889,-0.209
3.473,0.319,-4.351,-4.675,-3.460,0.994,-4.265,3.365,-3.556,-1.751
-0.465,2.010,4.928,-0.298,-3.518,2.323,3.493,-1.571,1.511,1.357
2.813,-1.010,-2.839,-2.434,-1.624,-1.130,-1.077,2.896,-2.064,4.566
-1.200,-2.973,0.323,3.665,-2.269,1.272,-0.478,-3.552,3.270,2.324
4.144,-2.751,-3.264,3.107,2.388,4.981,4.527,-3.124,-3.597,-4.408
-2.682,-4.344,0.265,4.224,-3.637,-0.569,4.347,-0.632,4.429,3.134
1.636,-4.028,0.136,-1.889,1.908,-4.276,3.693,0.254,-4.156,1.283
4.521,-3.186,-4.638,0.848,3.848,1.943,3.261,-2.168,3.897,-4.166
4.828,-1.375,-0.786,-2.897,-2.466,0.009,-3.440,-4.234,1.103,1.147
-0.629,3.934,-4.197,-0.531,-4.849,-4.952,-1.986,-0.708,1.857,-4.236
-3.044,0.133,4.042,4.453,-0.997,2.309,-4.874,4.197,-1.761,1.465
3.635,1.311,2.577,-1.332,2.601,1.954,-1.838,-2.078,3.333,3.437
4.876,3.032,-4.316,1.146,3.269,3.661,2.330,-1.350,-2.225,-1.139
-4.970,-3.199,-1.726,-3.291,4.089,-1.205,-0.992,-3.188,-0.352,-2.919
3.335,4.099,-2.578,-4.334,3.843,4.009,-2.855,-4.225,-3.519,-1.492
0.011,1.713,3.083,2.681,2.528,-0.780,3.033,-3.488,3.321,3.464
2.615,-3.842,-1.444,-2.041,3.162,-0.678,0.106,-1.194,1.099,-2.979
3.536,-0.091,-2.670,-0.411,4.528,4.579,1.879,0.429,0.226,-1.927
3.629,1.412,1.403,-1.757,-1.569,-4.541,-2.651,-2.888,-2.954,2.621
3.173,-1.036,2.617,-4.307,4.740,0.505,1.980,-2.858,-2.137,3.914
4.609,-0.162,-3.496,-1.795,1.896,-2.293,1.328,3.355,-4.456,-3.566
0.402,0.648,0.789,0.267,1.092,0.947,2.262,-3.739,3.423,-4.105
-3.068,0.548,2.201,4.296,-4.154,1.878,1.944,2.858,1.926,3.417
-3.540,-1.156,0.033,-1.896,-0.047,-1.768,-1.700,-1.102,3.510,-2.459
1.863,4.576,-3.113,4.797,-4.877,-2.739,-0.679,-0.439,-1.456,-1.758
1.168,-4.788,-3.193,-0.046,-0.626,-1.455,0.208,2.835,0.402,-3.094
0.009,4.964,3.904,-3.117,0.215,-3.596,-1.350,-3.028,-1.078,-1.430
0.655,-2.753,3.194,-1.280,1.535,-4.620,2.000,-2.989,-2.281,0.518
2.540,2.344,-1.881,-3.492,-1.999,2.754,0.126,-0.325,-4.811,2.055
4.034,0.325,-2.701,-4.263,3.625,2.357,4.374,3.130,0.188,-0.281
-0.643,-2.053,3.160,0.190,4.959,-2.507,4.987,-3.820,1.670,-3.725
-4.474,-2.017,-0.456,-3.415,4.108,1.944,-3.240,1.349,0.790,4.511
-0.853,-2.479,-4.348,0.081,-0.231,1.912,2.325,3.249,0.933,-4.475
2.217,-4.987,-4.069,-2.264,2.888,-2.141,2.697,-3.166,-3.013,-4.485
2.167,0.808,2.274,3.566,0.165,3.905,3.788,-3.805,-2.392,1.569
-2.765,4.532,-1.061,-1.796,-3.563,-4.145,1.397,-0.034,-1.228,-3.941
4.314,-1.469,-1.157,-2.460,-3.395,-3.509,-1.212,-2.482,-1.037,-2.566
-1.869,2.710,3.151,2.620,-4.397,3.411,-2.535,2.173,-3.569,-0.042
3.616,0.748,-3.598,2.331,-0.636,0.199,3.450,2.478,-4.937,0.479
1.963,-1.508,1.495,-1.220,-0.655,1.404,1.459,-2.180,-3.236,4.288
-0.099,1.186,-2.430,4.055,2.032,-2.057,-0.588,-2.782,-1.662,-1.215
2.233,-2.080,1.790,2.160,-0.679,-2.513,-3.159,-0.256,-0.931,0.777
4.808,-3.456,1.423,4.926,-4.309,-0.853,-4.160,4.065,-1.304,-3.233
2.875,-2.840,-3.757,2.940,-1.758,-1.177,1.490,-4.201,1.248,1.643
2.017,-3.576,4.590,-3.982,3.993,4.203,1.760,3.949,1.140,-2.218
-3.475,4.419,0.647,-1.936,-4.165,-4.256,2.298,-2.775,-2.389,4.048
-0.279,-0.595,-4.810,4.309,1.341,-3.878,0.842,3.396,2.894,-3.938
1.643,2.611,3.440,-4.113,-0.523,0.300,3.680,-0.332,4.229,-2.943
3.171,4.568,1.336,-4.659,-3.440,-3.011,4.530,1.689,2.635,3.558
-3.138,-0.608,-3.127,-4.858,-0.055,-3.499,3.100,1.927,1.012,-3.403
-0.981,-4.857,-4.887,-4.801,4.655,3.763,-1.464,-4.627,0.667,-3.328
2.741,-3.314,3.795,1.770,-4.629,-4.113,4.632,1.985,-3.042,-0.118
-3.895,0.507,-2.173,2.239,-1.793,-4.957,3.105,-3.607,0.415,1.748
1.094,-3.398,-1.237,-2.025,4.701,-4.169,-1.402,-4.102,0.792,1.762
-0.349,-1.464,-1.619,4.350,0.340,-1.901,-4.766,-1.325,-3.026,4.481
2.096,-4.521,2.646,-1.332,0.322,1.764,-1.865,1.597,-2.700,1.994
0.323,0.415,0.319,2.652,-3.584,1.411,-0.856,0.463,-1.806,4.887
-4.414,-3.220,0.979,2.604,-3.826,0.694,0.417,4.913,2.590,-2.141
0.040,3.481,-3.547,-3.179,-2.705,-1.386,-3.528,-4.831,-4.046,4.170
3.303,0.102,1.438,4.620,2.851,-3.282,-3.723,-4.366,-0.447,1.468
-4.289,-2.546,0.433,3.275,-1.815,-1.173,-2.474,1.046,-2.290,-0.808
3.907,-0.643,4.032,-1.404,4.796,-2.086,3.060,2.415,-3.820,-3.091
-2.204,-1.693,1.079,2.021,-4.265,1.178,-1.942,-4.560,1.626,0.069
-2.396,4.011,1.248,-2.057,0.627,-3.434,-4.873,2.786,0.063,0.085
2.603,1.746,0.438,4.526,2.621,4.090,1.936,2.565,-4.088,-2.973
2.545,-2.340,0.719,0.754,0.004,-2.779,-4.148,-1.659,-2.433,-3.376
4.902,2.015,-0.481,-0.606,3.055,-4.052,-1.376,-2.814,3.918,-0.432
4.275,-2.593,0.462,2.894,-2.925,-1.979,1.539,3.769,-2.011,4.417
-0.596,1.557,0.355,-3.416,1.844,4.501,-3.249,1.866,-2.759,0.386
-1.855,3.788,1.832,-4.456,0.121,-3.254,-4.899,-3.975,2.929,-4.222
-0.628,-0.059,-2.810,-3.396,3.347,2.604,1.647,-2.878,-2.471,-3.006
3.366,-1.697,-3.626,1.162,0.464,3.241,-1.362,-1.943,4.255,-4.129
1.338,-0.263,-3.047,2.271,-3.488,-0.847,2.603,0.677,-4.072,0.369
-0.807,1.792,1.480,-4.433,4.295,1.361,0.800,-0.123,2.642,0.163
4.452,-3.886,4.825,-3.955,3.271,4.545,-0.201,4.699,-1.059,-1.316
-3.108,3.624,-3.523,1.330,0.819,-4.188,0.558,-4.458,-4.040,2.783
-3.671,-1.636,-4.079,-2.809,-1.233,-2.238,0.044,0.436,0.079,2.947
4.076,-0.721,-1.688,1.284,-1.657,-1.566,1.832,-3.913,-1.934,2.296
3.278,-2.889,1.387,-1.624,3.103,4.399,3.665,0.867,-3.779,4.062
4.821,-3.688,-1.334,3.965,0.525,-4.689,3.702,1.604,3.050,-4.956
3.262,-0.882,-3.957,3.072,2.197,-1.528,-0.288,-1.964,-4.054,4.433
0.363,-0.240,-4.313,-1.320,-2.164,-1.503,0.730,-0.781,-1.258,-4.177
4.893,4.184,0.200,2.139,1.156,-2.753,3.938,-3.465,-1.213,-3.220
1.032,-2.154,-0.482,4.116,1.041,1.868,3.482,-2.958,2.847,2.420
-1.865,1.633,-0.395,-1.380,3.127,-1.638,4.626,-4.412,2.194,3.404
-0.105,0.438,4.854,1.782,-4.450,-2.750,-0.699,1.966,2.719,0.099
2.093,3.506,-0.501,-3.572,-1.193,3.976,1.321,2.507,-2.155,1.193
-0.507,-0.554,1.559,-4.805,2.489,4.199,-2.050,-3.910,-2.178,4.915
3.325,-1.361,3.426,4.635,2.640,-0.632,3.464,2.595,-3.145,-4.140
-3.504,3.702,-1.878,1.908,4.374,2.191,-3.099,-2.514,-1.520,-3.920
-2.539,3.423,4.168,-3.495,3.441,-0.302,-2.589,3.924,1.923,-4.085
1.252,2.775,2.722,2.127,0.218,2.204,-2.432,3.691,-3.418,1.033
-0.346,-1.110,2.223,2.726,3.131,-3.721,-1.643,3.075,3.284,2.542
3.802,-3.355,-0.229,-1.690,-2.537,-3.287,-3.851,-1.376,3.139,-2.443
1.061,3.314,2.579,-1.630,2.248,3.105,-2.546,-3.384,-1.181,0.156
-3.619,0.794,1.393,1.956,-1.094,-0.707,0.679,2.830,-4.769,4.542
-3.642,3.423,-1.426,-3.156,-0.619,-3.343,-2.042,3.823,4.989,-3.070
1.270,3.159,2.450,3.763,-1.567,-3.565,-1.179,-1.468,-4.487,2.253
-3.808,0.051,2.647,1.810,3.848,3.933,-1.136,3.970,-3.291,4.749
3.086,-0.962,-3.264,-2.391,2.321,2.440,1.889,-3.568,1.149,3.274
-2.997,1.829,3.487,-1.072,0.869,2.847,1.811,-4.192,-2.774,-3.650
-4.146,2.213,0.940,0.770,3.182,-4.291,4.862,1.141,-1.820,2.045
-4.877,-4.664,1.496,-3.749,2.007,-4.625,-0.725,-3.202,3.774,2.945
1.614,4.449,3.536,-1.342,3.647,-3.997,-4.585,-3.050,-4.560,-3.913
4.790,0.432,4.433,-4.521,-1.722,4.474,1.776,-2.256,-1.301,2.636
0.313,-2.962,3.645,0.484,-0.259,4.547,1.184,3.768,1.135,-3.217
4.532,0.540,2.989,0.222,2.132,2.784,0.841,-4.249,-3.923,-0.820
3.415,-0.552,4.167,-3.663,3.146,1.711,4.227,-1.523,4.784,1.079
-4.037,-1.389,4.520,4.776,1.015,-3.221,-4.166,3.951,-3.027,-3.204
4.823,4.046,-0.341,3.385,-2.784,-4.059,2.999,-4.565,2.369,-0.956
-2.162,4.303,-1.066,-2.345,3.751,-4.023,-2.380,-2.389,-1.679,-0.138
3.467,3.565,4.067,-1.460,-1.124,-0.811,-2.173,-0.878,-4.804,-1.371
-1.418,0.807,-1.851,-4.210,1.753,3.529,-4.738,-0.659,-4.251,4.970
1.465,-4.761,-3.440,-2.570,2.460,3.002,3.570,-1.619,3.990,-4.313
-0.586,1.333,-0.651,1.888,-0.438,2.440,-0.312,4.252,3.250,-0.921
-3.482,4.906,1.396,-3.228,-4.170,-4.377,-3.320,4.673,-1.535,-3.382
-3.047,-3.604,1.241,4.439,-0.185,2.423,2.231,-3.310,4.230,-0.054
-4.306,-4.503,1.633,3.778,-1.820,-4.101,-2.819,-0.494,-1.286,1.689
4.026,1.338,0.899,3.032,-2.686,-4.980,1.059,-2.839,-0.040,-1.059
-2.226,-3.296,-4.223,0.105,1.855,-1.271,3.882,0.614,-3.604,-4.488
0.403,-2.856,-4.614,3.121,-2.049,1.605,4.551,1.349,-4.499,2.675
-2.219,-0.443,-1.930,0.173,2.069,-0.047,1.212,-2.499,1.116,-0.101
-0.885,4.696,-3.325,-0.417,-3.462,-3.315,4.219,0.600,4.835,4.501
1.198,-4.218,-2.446,0.838,-2.116,-3.203,4.265,3.938,1.613,-2.094
2.105,-4.098,-4.107,2.973,0.361,-3.859,-0.941,1.068,-4.272,-1.329
