0.810
0.462
0.438
0.235
0.403
0.956
0.213
0.529
0.303
0.407
0.109
0.079
0.548
0.143
0.363
0.560
0.165
0.423
0.173
0.973
0.631
0.837
0.069
0.733
0.495
0.593
0.561
0.985
0.379
0.614
0.372
0.393
0.054
0.612
0.902
0.407
0.867
0.007
0.801
0.685
0.593
0.489
0.755
0.462
0.000
0.422
0.917
0.245
0.588
0.206
0.251
0.366
0.645
0.073
0.492
0.215
0.988
0.900
0.290
0.119
0.801
0.036
0.424
0.807
0.009
0.080
0.570
0.112
0.567
0.527
0.414
0.393
0.280
0.843
0.189
0.861
0.255
0.599
0.983
0.266
0.747
0.385
0.751
0.093
0.195
0.131
0.412
0.699
0.484
0.564
0.706
0.496
0.895
0.292
0.113
0.488
0.921
0.140
0.669
0.529
0.116
0.444
0.982
0.949
0.842
0.164
0.975
0.629
0.957
0.491
0.988
0.291
0.887
0.810
0.587
0.108
0.233
0.595
0.762
0.812
0.211
0.365
0.963
0.002
0.270
0.910
0.913
0.430
0.135
0.122
0.692
0.029
0.851
0.704
0.822
0.216
0.754
0.343
0.468
0.289
0.893
0.779
0.147
0.503
0.394
0.228
0.792
0.053
0.276
0.661
0.752
0.173
0.224
0.218
0.728
0.596
0.016
0.904
0.245
0.359
0.207
0.625
0.611
0.431
0.057
0.755
0.765
0.757
0.015
0.067
0.132
0.405
0.571
0.244
0.080
0.675
0.978
0.225
0.321
0.006
0.293
0.263
0.855
0.893
0.949
0.759
0.732
0.637
0.760
0.540
0.936
0.863
0.570
0.066
0.056
0.794
0.606
0.297
0.526
0.384
0.843
0.022
0.913
0.766
0.609
0.849
0.502
0.689
0.723
0.990
0.188
0.540
0.960
0.945
0.831
0.301
0.295
0.208
0.146
0.758
0.866
0.147
0.023
0.356
0.023
0.339
0.985
0.942
0.772
0.633
0.861
0.008
0.567
0.418
0.284
0.963
0.287
0.806
0.662
0.605
0.004
0.705
0.566
0.485
0.985
0.341
0.808
0.303
0.664
0.321
0.601
0.711
0.190
0.734
0.281
0.320
0.969
0.240
0.916
0.005
0.680
0.067
0.088
0.293
0.251
0.036
0.934
0.403
0.858
0.038
0.266
0.387
0.772
0.997
0.488
0.861
0.280
0.732
0.537
0.611
0.757
0.289
0.202
0.898
0.699
0.878
0.587
0.186
0.603
0.342
0.710
0.119
0.942
0.965
0.345
0.085
0.671
0.114
0.458
0.501
0.020
0.064
0.817
0.579
0.592
0.148
0.564
0.038
0.513
0.296
0.149
0.855
0.775
0.244
0.445
0.825
0.692
0.897
0.078
0.154
0.143
0.524
0.223
0.244
0.758
0.482
0.858
0.297
0.660
0.110
0.275
0.308
0.981
0.172
0.806
0.854
0.020
0.077
0.819
0.084
0.153
0.167
0.425
0.247
0.353
0.291
0.522
0.130
0.865
0.975
0.904
0.549
0.099
0.341
0.815
0.723
0.838
0.456
0.503
0.286
0.611
0.687
0.254
0.993
0.696
0.641
0.641
0.875
0.135
0.106
0.206
0.470
0.477
0.621
0.585
0.438
0.819
0.552
0.965
0.968
0.835
0.543
0.797
0.865
0.176
0.644
0.240
0.807
0.436
0.534
0.143
0.793
0.658
0.291
0.076
0.067
0.997
0.167
0.175
0.157
0.969
0.326
0.119
0.781
0.156
0.844
0.230
0.266
0.644
0.696
0.002
0.323
0.724
0.462
0.364
0.773
0.272
0.751
0.324
0.874
0.365
0.009
0.113
0.826
0.849
0.071
0.414
0.426
0.194
0.098
0.449
0.445
0.531
0.875
0.578
0.034
0.382
0.356
0.178
0.795
0.960
0.479
0.388
0.396
0.441
0.988
0.124
0.296
0.701
0.146
0.830
0.202
0.586
0.500
0.408
0.922
0.328
0.863
0.173
0.286
0.551
0.642
0.318
0.231
0.638
0.652
0.565
0.682
0.301
0.020
0.349
0.815
0.468
0.689
0.400
0.015
0.362
0.352
0.347
0.142
0.151
0.233
0.830
0.500
0.375
0.188
0.167
0.393
0.044
0.671
0.030
0.420
0.097
0.045
0.773
0.885
0.702
0.127
0.978
0.975
0.194
0.938
0.702
0.587
0.415
0.283
0.182
0.008
0.125
0.526
0.133
0.612
0.414
0.485
0.926
0.605
0.125
0.560
0.192
0.358
0.081
0.139
0.387
0.142
0.827
0.800
0.226
0.704
0.329
0.358
0.840
0.855
0.718
0.732
0.632
0.967
0.141
0.311
0.660
0.294
0.320
0.356
0.334
0.625
0.352
0.522
0.476
0.862
0.549
0.389
0.052
0.347
0.262
0.765
0.638
0.966
0.791
0.568
0.880
0.276
0.653
0.145
0.270
0.954
0.208
0.250
0.639
0.927
0.172
0.695
0.355
0.095
0.424
0.556
0.287
0.591
0.772
0.237
0.986
0.737
0.806
0.018
0.930
0.652
0.473
0.620
0.546
0.269
0.422
0.791
0.553
0.977
0.127
0.995
0.661
0.551
0.531
0.198
0.359
0.406
0.530
0.043
0.563
0.494
0.852
0.854
0.264
0.927
0.478
0.313
0.479
0.426
0.959
0.661
0.652
0.037
0.556
0.466
0.856
0.510
0.730
0.358
0.067
0.159
0.338
0.965
0.733
0.338
0.846
0.162
0.985
0.596
0.257
0.493
0.372
0.984
0.481
0.686
0.934
0.246
0.385
0.731
0.647
0.743
0.520
0.681
0.779
0.983
0.980
0.363
0.206
0.033
0.300
0.430
0.976
0.827
0.613
0.286
0.820
0.068
0.798
0.257
0.942
0.215
0.926
0.187
0.618
0.938
0.419
0.647
0.417
0.728
0.559
0.676
0.853
0.494
0.342
0.266
0.834
0.922
0.127
0.345
0.730
0.814
0.215
0.241
0.449
0.758
0.836
0.778
0.817
0.665
0.828
0.911
0.713
0.680
0.289
0.559
0.298
0.346
0.088
0.722
0.008
0.205
0.284
0.792
0.810
0.937
0.763
0.291
0.821
0.267
0.276
0.406
0.614
0.580
0.065
0.904
0.658
0.706
0.389
0.972
0.535
0.331
0.664
0.059
0.684
0.494
0.088
0.871
0.934
0.441
0.474
0.530
0.181
0.627
0.869
0.943
0.129
0.962
0.637
0.478
0.912
0.058
0.777
0.034
0.143
0.340
0.067
0.774
0.777
0.180
0.050
0.973
0.830
0.322
0.477
0.561
0.734
0.058
0.212
0.975
0.465
0.610
0.773
0.339
0.055
0.963
0.741
0.216
0.682
0.059
0.252
0.027
0.611
0.607
0.153
0.254
0.713
0.257
0.798
0.271
0.906
0.252
0.810
0.486
0.786
0.799
0.479
0.741
0.896
0.474
0.861
0.080
0.527
0.945
0.482
0.839
0.521
0.965
0.569
0.056
0.891
0.473
0.807
0.892
0.531
0.377
0.051
0.052
0.767
0.703
0.648
0.049
0.363
0.092
0.038
0.866
0.172
0.742
0.207
0.044
0.026
0.266
0.200
0.757
0.500
0.664
0.575
0.335
0.806
0.710
0.580
0.305
0.072
0.877
0.065
0.532
0.964
0.165
0.805
0.013
0.687
0.958
0.291
0.984
0.294
0.345
0.140
0.924
0.085
0.462
0.606
0.206
0.444
0.454
0.526
0.230
0.521
0.051
0.011
0.326
0.126
0.648
0.786
0.636
0.126
0.193
0.684
0.158
0.229
0.817
0.890
0.353
0.286
0.850
0.274
0.229
0.752
0.484
0.607
0.334
0.191
0.797
0.664
0.468
0.309
0.546
0.899
0.005
0.278
0.877
0.817
0.880
0.068
0.546
0.036
0.944
0.968
0.059
0.960
0.203
0.153
0.146
0.988
0.646
0.523
0.414
0.121
0.819
0.460
0.660
0.622
0.062
0.016
0.912
0.444
0.325
0.153
0.801
0.895
0.590
0.748
0.049
0.307
0.919
0.847
0.983
0.821
0.752
0.236
0.244
0.748
0.555
0.834
0.757
0.440
0.128
0.364
0.797
0.215
0.841
0.621
0.975
0.470
0.305
0.985
0.439
0.473
0.396
0.796
0.924
0.936
0.705
0.023
0.664
0.413
0.429
0.698
0.181
0.368
0.785
0.321
0.501
0.640
0.676
0.239
0.147
0.205
0.855
0.269
0.260
0.185
0.366
0.303
0.649
0.223
0.261
0.496
0.649
0.220
0.517
0.279
0.532
0.297
0.127
0.606
0.374
0.074
0.014
0.276
0.564
0.654
0.974
0.278
0.959
0.828
0.755
0.826
0.865
